     146     112     219
     141     106     218
     135     101     217
     129      95     216
     125      92     215
     119      86     214
     113      81     213
     107      76     212
     101      71     212
      95      65     211
      88      60     210
      80      54     209
      74      49     208
      67      44     207
      60      39     206
      54      35     206
      47      31     205
      42      27     205
      35      23     203
      28      20     203
      22      15     201
      13      10     200
       5       4     200
       4       5     201
       4       8     201
       5      12     203
       8      16     204
      11      21     205
      14      27     207
      18      31     208
      21      36     210
      24      40     211
      26      45     212
      29      51     214
      30      54     216
      33      58     216
      35      61     218
      37      65     219
      40      70     220
      43      74     221
      46      79     224
      50      86     225
      55      91     226
      59      96     228
      63     101     230
      66     104     229
      68     107     231
      68     108     231
      70     109     231
      72     111     232
      73     113     232
      76     115     233
      79     118     233
      82     121     234
      86     123     234
      89     127     236
      93     130     235
      95     132     236
      97     134     237
      99     137     237
     102     138     238
     103     141     238
     105     142     239
     108     145     239
     112     147     240
     115     151     240
     119     153     241
     122     158     241
     125     163     240
     129     167     240
     130     171     240
     132     175     239
     135     179     239
     136     184     237
     139     186     238
     141     190     236
     143     193     237
     146     197     235
     149     201     236
     153     204     234
     155     206     234
     157     209     234
     160     211     232
     162     214     233
     164     215     231
     166     217     231
     168     219     231
     171     221     231
     173     222     229
     175     224     230
     174     224     231
     173     225     232
     173     226     233
     173     226     233
     172     227     235
     171     229     236
     169     230     237
     168     230     238
     167     231     239
     165     232     240
     164     233     242
     163     234     243
     162     235     244
     159     236     245
     159     237     247
     158     239     249
     157     240     250
     155     241     251
     154     242     252
     153     243     253
     152     245     254
     152     248     251
     153     248     245
     153     245     236
     154     242     227
     154     239     219
     153     237     213
     154     234     206
     155     231     199
     156     228     193
     155     225     187
     155     222     181
     155     219     176
     155     216     171
     155     213     166
     155     210     162
     155     207     158
     146     202     151
     253     232     193
     242     226     185
     242     225     183
     239     221     178
     238     218     176
     237     216     173
     235     213     168
     234     211     166
     233     208     163
     231     205     158
     230     202     155
     229     200     152
     228     198     150
     227     195     147
     226     192     144
     224     189     141
     223     186     138
     221     184     135
     223     183     130
     225     183     124
     225     184     120
     228     184     113
     228     185     108
     231     186     101
     233     187      95
     233     188      88
     236     188      82
     237     191      75
     239     193      70
     239     195      63
     242     198      57
     244     201      51
     245     203      44
     247     207      37
     248     209      29
     249     211      23
     250     215      15
     252     219       7
     254     224       0
     255     222       0
     255     219       0
     255     216       0
     255     214       1
     255     212       1
     255     209       2
     255     206       2
     255     204       2
     255     201       2
     255     198       2
     255     195       1
     255     192       0
     255     189       0
     255     186       1
     255     184       0
     255     182       2
     255     178       3
     255     176       4
     255     174       4
     255     172       4
     255     169       3
     255     167       3
     255     161       1
     255     157       0
     255     152       0
     255     148       0
     255     144       0
     255     139       0
     255     135       1
     255     132       2
     255     128       2
     255     124       3
     255     120       3
     255     115       3
     255     111       2
     255     105       1
     255     101       0
     255      97       0
     255      92       0
     255      88       0
     255      85       2
     255      81       3
     255      79       4
     255      75       5
     252      71       6
     249      69       8
     245      65       9
     242      62       9
     238      59      10
     235      56      11
     232      53      12
     228      52      15
     225      51      17
     221      51      19
     218      49      22
     215      48      23
     211      47      25
     208      45      26
     205      43      28
     201      41      28
     197      40      28
     194      38      29
     190      36      30
     186      35      31
     184      35      33
     181      35      34
     179      38      38
     184      44      44
     187      50      50
     191      54      54
     194      59      59
     197      64      64
     201      69      69
     203      74      74
     207      79      79
     209      85      85
     214      90      90
     216      99      99
     221     104     104
     224     112     112
     228     119     119
     231     126     126
     234     133     133
     237     140     140
     241     148     148
     244     154     154
     248     162     162
     251     170     170
     255     178     178
