       0      54     109
       6      54     109
       8      51     100
       7      52     102
       5      50     100
      13      58     107
       9      57     109
       7      54     106
      12      59     110
      11      60     115
      10      59     113
      12      60     114
      13      67     122
      14      67     123
      15      68     125
      19      72     129
      18      72     131
      24      79     138
      20      77     139
      22      81     144
      22      80     143
      24      85     148
      23      85     149
      24      86     148
      29      90     153
      26      90     155
      25      89     155
      31      95     159
      29      94     161
      28      93     160
      30      96     163
      31      98     167
      31      98     167
      32     101     171
      37     105     174
      34     105     173
      39     109     175
      39     109     176
      38     109     176
      42     112     177
      41     113     177
      43     116     178
      45     117     179
      48     120     181
      47     120     181
      52     124     183
      47     123     182
      49     124     182
      52     127     184
      53     129     185
      53     130     185
      56     132     186
      56     133     188
      59     135     188
      61     138     189
      59     137     189
      60     139     190
      64     142     192
      63     140     192
      64     143     193
      65     145     194
      68     146     195
      74     150     197
      83     157     200
      83     156     200
      91     161     203
      93     163     204
      95     165     204
     101     168     206
     100     168     206
     107     172     207
     106     172     208
     110     173     208
     114     176     210
     112     176     209
     118     179     211
     122     182     213
     124     183     215
     127     185     216
     135     189     217
     135     190     218
     139     192     219
     142     195     220
     147     197     222
     149     198     223
     154     201     224
     157     202     225
     158     202     224
     164     206     227
     170     208     228
     172     210     228
     175     211     230
     180     213     230
     179     213     231
     182     214     232
     185     216     232
     188     217     233
     192     220     234
     195     222     236
     198     222     236
     202     224     237
     204     226     238
     208     228     239
     210     229     239
     212     230     240
     214     231     240
     214     230     241
     214     231     241
     216     232     241
     218     233     241
     220     234     242
     222     235     241
     223     236     242
     226     237     243
     228     238     242
     230     238     243
     231     239     244
     233     240     244
     235     241     244
     237     242     245
     239     243     245
     240     243     246
     244     245     246
     247     245     244
     246     244     241
     247     240     236
     247     238     233
     248     237     231
     249     236     229
     249     235     227
     248     234     225
     249     232     222
     250     232     220
     250     229     216
     250     227     214
     251     225     212
     250     226     213
     251     224     209
     252     222     205
     252     222     206
     252     222     204
     252     220     201
     252     219     200
     251     214     194
     250     209     187
     250     207     184
     250     204     180
     248     200     175
     249     199     174
     248     197     172
     247     193     165
     248     193     166
     248     193     167
     248     191     163
     248     191     164
     246     188     160
     246     185     156
     245     182     153
     246     178     149
     246     178     147
     245     178     146
     244     173     141
     245     175     143
     244     171     137
     244     169     135
     244     167     132
     244     167     131
     243     163     129
     240     156     122
     241     158     125
     239     156     123
     238     155     122
     238     154     123
     236     149     116
     236     149     117
     235     144     114
     232     139     110
     231     139     110
     231     137     110
     230     132     106
     229     134     107
     228     129     102
     227     126      99
     228     129     102
     224     121      96
     223     119      94
     223     117      93
     223     118      94
     221     112      89
     220     112      90
     217     105      85
     215     100      81
     215      97      79
     213      96      76
     213      95      76
     211      89      74
     210      89      73
     210      91      75
     209      86      73
     207      82      69
     209      86      72
     205      81      71
     203      74      65
     204      76      67
     202      75      68
     201      72      65
     198      67      63
     199      66      64
     197      61      61
     196      61      59
     197      63      63
     191      52      56
     192      54      57
     191      51      56
     190      49      54
     188      46      52
     188      45      51
     187      44      54
     183      34      48
     183      36      49
     185      40      52
     182      33      47
     182      33      47
     181      34      48
     178      26      45
     178      24      42
     175      23      41
     176      23      42
     173      23      42
     167      20      41
     167      19      40
     167      23      44
     164      20      40
     163      17      39
     165      21      42
     155      18      40
     154      14      38
     153      15      38
     152      16      38
     146      14      38
     145      16      40
     142      15      40
     135      10      36
     132      10      36
     127       7      34
     123       6      34
     124       6      34
     120       7      36
     115       2      31
     117       4      33
     117       8      37
     109       0      30
     111       2      32
     110       3      34
     105       0      30
     105       0      31
