       0       0       0
       0       0       7
       0       0      15
       0       0      23
       0       0      32
       0       0      40
       0       0      47
       0       0      55
       0       0      63
       0       0      71
       0       0      79
       0       0      87
       0       0      95
       0       0     103
       0       0     111
       0       0     119
       0       0     127
       0       0     135
       0       0     143
       0       0     151
       0       0     159
       0       0     166
       0       0     174
       0       0     183
       0       0     191
       0       0     199
       0       0     206
       0       0     214
       0       0     222
       0       0     230
       0       0     239
       0       0     246
       0       0     254
       0       7     255
       0      15     255
       0      23     255
       0      31     255
       0      39     255
       0      47     255
       0      55     255
       0      63     255
       0      70     255
       0      79     255
       0      87     255
       0      95     255
       0     103     255
       0     110     255
       0     118     255
       0     127     255
       0     135     255
       0     143     255
       0     150     255
       0     158     255
       0     166     255
       0     174     255
       0     183     255
       0     191     255
       0     198     255
       0     206     255
       0     214     255
       0     222     255
       0     230     255
       0     238     255
       0     246     255
       0     254     255
       0     252     247
       0     250     240
       1     248     233
       1     245     225
       1     243     218
       1     241     210
       2     238     202
       2     236     195
       2     234     188
       2     231     180
       3     229     173
       3     227     165
       3     224     158
       3     222     150
       4     220     143
       4     217     135
       4     214     128
       4     212     121
       4     209     113
       5     207     105
       5     204      97
       5     202      90
       5     200      83
       6     197      75
       6     195      68
       6     193      60
       7     190      52
       7     188      45
       7     186      38
       7     183      30
       8     181      23
       8     179      15
      14     181      14
      22     183      14
      30     185      13
      38     188      13
      46     190      13
      53     192      12
      60     195      11
      68     197      11
      76     199      11
      84     202      10
      92     204      10
      99     206       9
     107     209       8
     115     211       8
     123     213       8
     130     216       7
     137     219       7
     145     221       7
     153     224       6
     161     226       5
     169     228       5
     176     231       4
     184     233       4
     192     235       4
     200     238       3
     207     240       2
     214     242       2
     222     245       2
     230     247       1
     238     249       1
     246     252       0
     253     254       0
     255     252       0
     255     249       0
     255     247       0
     255     243       0
     255     240       0
     255     237       0
     255     234       0
     255     232       0
     255     229       0
     255     226       0
     255     223       0
     255     220       0
     255     217       0
     255     214       0
     255     211       0
     255     208       0
     255     205       0
     255     203       0
     255     200       0
     255     197       0
     255     193       0
     255     190       0
     255     188       0
     255     185       0
     255     182       0
     255     179       0
     255     176       0
     255     173       0
     255     170       0
     255     167       0
     255     164       0
     255     158       0
     255     154       0
     255     149       0
     255     143       0
     255     139       0
     255     133       0
     255     128       0
     255     123       0
     255     118       0
     255     112       0
     255     107       0
     255     102       0
     255      97       0
     255      91       0
     255      87       0
     255      82       0
     255      76       0
     255      72       0
     255      66       0
     255      61       0
     255      56       0
     255      51       0
     255      45       0
     255      41       0
     255      35       0
     255      30       0
     255      25       0
     255      20       0
     255      15       0
     255      10       0
     255       5       0
     254       0       0
     249       0       4
     244       0       8
     239       0      12
     233       0      17
     228       0      21
     222       0      25
     217       0      30
     212       0      34
     207       0      38
     201       0      43
     197       0      47
     192       0      51
     186       0      55
     181       0      59
     175       0      63
     170       0      68
     165       0      72
     160       0      76
     154       0      81
     149       0      85
     144       0      89
     139       0      93
     133       0      98
     128       0     101
     123       0     106
     118       0     110
     113       0     114
     107       0     119
     102       0     123
      97       0     127
      92       0     132
      87       0     136
      92       8     140
      97      15     143
     102      24     147
     108      32     150
     113      40     154
     118      48     158
     123      55     162
     128      63     166
     134      71     169
     139      80     173
     144      88     177
     149      95     180
     155     103     184
     160     111     187
     166     119     191
     171     127     195
     176     135     199
     181     143     203
     186     151     206
     192     159     210
     197     167     214
     202     175     217
     207     183     221
     213     191     225
     218     199     228
     223     207     232
     228     214     236
     234     222     240
     239     231     243
     244     239     247
     249     247     251
     255     255     255
