       0       0     159
       4       6     255
       0       7     255
      14      29     255
       3      19     255
       1      22     255
       2      36     255
       1      40     255
      14      57     255
       2      48     255
       2      54     255
       1      64     255
       3      72     255
      14      85     255
       0      78     255
       3      84     255
       0      93     255
       5     103     255
      13     112     255
       0     108     255
       5     116     255
       0     122     255
       6     134     255
      11     140     255
       0     139     255
       6     146     255
       0     152     255
       8     165     255
       9     168     255
       0     169     255
       7     177     255
       0     181     255
       8     195     255
       6     197     255
       2     201     255
       8     206     255
       0     211     255
       8     224     255
       4     225     255
       4     231     255
       8     236     255
       0     242     255
       8     253     255
       2     254     253
       6     253     248
       8     253     245
       0     249     237
       8     246     228
       1     245     225
      11     244     221
       9     242     217
       0     240     208
       8     238     200
       1     237     197
      13     235     193
       8     233     190
       1     231     180
       8     228     172
       2     227     168
      17     227     165
       7     224     159
       3     223     153
       7     219     144
       4     218     139
      18     217     140
       7     216     131
       5     214     126
       7     210     115
       7     209     111
      20     211     113
       6     206     101
       7     205      98
       7     201      87
       9     200      82
      20     201      86
       6     197      72
      10     197      72
       6     193      59
      11     192      54
      20     192      57
       6     187      43
      11     188      43
       6     184      30
      15     183      27
      18     184      30
       8     179      15
      19     181      21
      18     181      12
      37     188      21
      40     188      22
      37     188      14
      48     191      20
      46     190      10
      65     197      20
      65     197      17
      67     197      14
      75     201      18
      75     199       9
      93     205      17
      91     204      13
      97     206      15
     105     209      17
     103     208       6
     120     214      16
     118     213       9
     127     216      15
     131     216      15
     133     217       6
     146     221      13
     146     221       7
     156     224      15
     158     225      13
     162     226       4
     174     229      10
     174     229       4
     185     234      16
     185     234      10
     190     235       3
     202     238       8
     203     238       3
     213     242      17
     213     241       6
     218     243       2
     229     246       5
     232     247       2
     239     251      16
     241     250       3
     246     252       2
     255     254       1
     255     251       2
     255     250      14
     255     249       1
     255     247       3
     255     243       0
     255     241       4
     255     241      13
     255     238       0
     255     237       4
     255     233       0
     255     230       6
     255     230      12
     255     227       0
     255     226       6
     255     222       0
     255     221       7
     255     220      10
     255     217       0
     255     217       7
     255     211       0
     255     210       8
     255     209       7
     255     206       1
     255     206       8
     255     200       0
     255     200       8
     255     198       5
     255     196       3
     255     195       8
     255     190       0
     255     189       8
     255     187       2
     255     185       5
     255     185       8
     255     179       0
     255     179       7
     255     176       1
     255     176       8
     255     175       8
     255     168       0
     255     169       6
     255     165       0
     255     164      10
     255     161       7
     255     153       0
     255     149       5
     255     145       0
     255     146      12
     255     141       5
     255     134       0
     255     129       4
     255     125       0
     255     128      14
     255     121       4
     255     116       1
     255     109       2
     255     106       1
     255     109      14
     255     100       2
     255      97       2
     255      89       1
     255      87       3
     255      92      14
     255      79       0
     255      79       3
     255      69       0
     255      68       5
     255      72      13
     255      59       0
     255      60       5
     255      50       0
     255      50       6
     255      52      11
     255      39       0
     255      42       6
     255      30       0
     255      32       8
     255      31       9
     255      20       0
     255      23       7
     255      10       0
     255      13       8
     255      10       6
     255       2       1
     252       8      10
     247       0       3
     241       8      19
     239       4      17
     235       4      19
     233       8      26
     227       0      20
     220       8      35
     218       2      32
     215       6      39
     212       8      41
     207       0      36
     201       7      50
     198       0      45
     196       9      57
     193       8      57
     187       0      53
     182       6      65
     179       0      61
     178      11      74
     174       6      72
     167       0      69
     161       5      79
     158       0      77
     159      13      91
     154       5      86
     148       0      86
     142       3      95
     138       0      94
     141      14     108
     133       3     102
     129       1     103
     122       2     109
     119       2     112
     122      14     122
     112       1     116
     109       2     120
     101       1     125
      99       3     129
     103      14     137
      91       0     132
      95       4     144
      54       0      85
