     133      16     132
     123      21     132
     114      26     132
     105      31     133
      95      37     133
      86      42     134
      77      47     134
      67      52     134
      58      58     135
      49      63     135
      39      68     136
      30      73     136
      21      79     136
      22      79     144
      25      78     153
      28      78     162
      31      77     171
      34      77     180
      37      76     189
      40      76     197
      43      75     206
      46      74     215
      49      74     224
      52      73     233
      55      73     242
      57      77     245
      60      84     245
      62      91     245
      64      98     245
      67     105     245
      69     112     245
      72     118     245
      74     125     245
      76     132     245
      79     139     245
      81     146     245
      83     153     245
      86     159     242
      88     165     237
      90     172     231
      92     178     226
      94     184     220
      96     191     215
      99     197     209
     101     204     204
     103     210     198
     105     216     193
     107     223     187
     109     229     182
     110     231     176
     108     229     169
     107     226     162
     105     223     155
     104     221     149
     102     218     142
     101     216     135
      99     213     128
      98     210     122
      97     208     115
      95     205     108
      94     202     101
      92     200      95
      91     197      90
      90     195      86
      89     192      81
      88     190      76
      87     187      72
      86     184      67
      85     182      62
      84     179      58
      83     177      53
      81     174      48
      80     172      44
      80     169      39
      80     169      38
      80     168      37
      80     168      36
      80     167      34
      80     167      33
      80     166      32
      80     166      31
      80     165      29
      80     165      28
      80     164      27
      80     164      26
      81     164      25
      83     166      25
      86     169      25
      89     171      25
      92     174      26
      94     176      26
      97     179      26
     100     181      27
     103     184      27
     106     186      27
     108     189      28
     111     192      28
     114     194      28
     117     196      29
     120     198      29
     123     200      29
     126     202      29
     129     204      29
     132     207      29
     135     209      30
     138     211      30
     141     213      30
     145     215      30
     148     217      30
     151     219      30
     158     222      44
     166     224      62
     175     227      81
     183     230      99
     191     233     117
     200     236     136
     208     239     154
     217     242     173
     225     245     191
     234     248     210
     242     250     228
     251     253     247
     255     255     255
     255     255     255
     255     255     255
     255     255     255
     255     255     255
     255     255     255
     255     255     255
     255     255     255
     255     255     255
     255     255     255
     255     255     255
     255     255     255
     254     254     247
     254     254     229
     253     254     212
     253     254     194
     252     254     176
     252     254     159
     251     254     141
     251     254     124
     250     254     106
     250     254      88
     249     254      71
     249     254      53
     248     253      40
     247     250      40
     245     247      40
     244     245      39
     243     242      39
     242     240      38
     240     237      38
     239     234      37
     238     232      37
     236     229      37
     235     226      36
     234     224      36
     232     221      35
     232     219      35
     231     217      35
     231     214      35
     230     212      34
     230     210      34
     229     207      34
     229     205      34
     228     203      33
     228     200      33
     227     198      33
     227     196      33
     227     194      33
     226     191      32
     225     188      32
     225     185      32
     224     183      32
     223     180      32
     223     177      32
     222     174      32
     221     172      32
     221     169      32
     220     166      32
     219     164      32
     219     161      32
     217     156      31
     216     151      31
     214     145      30
     213     140      30
     212     135      29
     210     129      29
     209     124      28
     208     118      28
     206     113      27
     205     108      27
     203     102      26
     202      97      26
     201      93      25
     200      89      25
     199      85      25
     198      81      25
     198      77      25
     197      73      25
     196      70      24
     195      66      24
     194      62      24
     194      58      24
     193      54      24
     192      50      24
     191      46      23
     191      43      23
     191      39      23
     191      35      23
     190      31      23
     190      27      23
     190      24      23
     190      20      23
     189      16      23
     189      12      23
     189       8      23
     189       5      23
     187       2      23
     182       2      23
     177       2      24
     173       2      24
     168       1      24
     163       1      25
     159       1      25
     154       1      26
     150       0      26
     145       0      26
     140       0      27
     136       0      27
     131       0      28
     126       0      31
     121       0      34
     116       0      37
     111       0      40
     106       0      43
     101       0      46
      96       0      49
      92       0      51
      87       0      54
      82       0      57
      77       0      60
      72       1      63
      70       1      65
      67       1      68
      65       1      71
      63       2      73
      60       2      76
      58       2      78
      55       2      81
      53       3      83
      51       3      86
      48       3      88
      46       3      91
      44       4      94
