      29       0      79
      47       2     130
      50       7     138
      50      10     145
      46      10     151
      41       6     154
      35       2     157
      30       0     161
      26       0     165
      23       0     169
      19       0     173
      14       0     177
      12       1     181
      10       4     186
       7       7     191
       8      12     196
       7      17     198
       2      18     202
       0      21     204
       0      25     206
       0      31     209
       1      38     212
       4      46     216
       6      53     219
       6      59     221
       4      65     225
       0      68     226
       0      68     226
       4      78     228
       9      88     231
      12      96     234
      13     100     236
       9     103     237
       3     105     237
       0     108     239
       0     112     240
       2     117     242
       6     127     244
      12     134     245
      14     141     246
      12     144     246
       8     147     247
       2     149     248
       0     151     249
       0     155     249
       3     160     250
       9     169     250
      14     174     252
      15     177     252
      12     180     252
       6     181     253
       2     183     253
       0     186     253
       0     189     253
       5     194     254
      10     199     254
      14     204     254
      14     205     254
      11     209     254
       5     211     254
       1     213     254
       0     215     254
       2     219     254
       7     222     254
      14     225     253
      16     229     255
      17     232     255
      13     234     255
       8     237     255
       5     239     255
       5     241     255
      11     244     255
      16     248     255
      21     252     255
      26     255     253
      24     255     250
      21     255     248
      16     255     245
      16     255     242
      19     255     240
      23     255     236
      31     255     234
      34     255     232
      39     255     228
      38     255     225
      36     255     221
      34     255     218
      34     255     218
      41     255     216
      46     255     212
      48     255     209
      49     255     206
      49     255     203
      50     255     200
      52     255     197
      55     255     196
      61     255     192
      70     255     192
      73     255     190
      76     255     188
      77     255     186
      77     255     182
      80     255     180
      84     255     179
      87     255     178
      90     255     176
      95     255     175
     100     255     176
     107     255     177
     112     255     178
     118     255     176
     120     255     175
     124     255     176
     127     255     175
     131     255     175
     145     255     182
     151     255     184
     154     255     184
     158     255     185
     161     255     187
     167     255     188
     172     255     192
     181     255     198
     190     255     203
     199     255     210
     207     255     215
     215     255     221
     222     255     226
     248     255     245
     249     255     236
     247     255     222
     244     255     213
     242     255     204
     242     255     196
     240     255     189
     240     255     181
     239     255     174
     238     255     169
     239     255     161
     240     255     159
     240     255     153
     242     255     149
     242     255     144
     241     255     136
     243     255     129
     243     255     124
     244     255     118
     247     255     114
     248     255     109
     249     255     104
     251     255      99
     252     255      95
     253     255      91
     255     254      88
     255     251      86
     255     249      82
     255     247      80
     255     246      75
     255     244      70
     255     242      65
     255     240      62
     255     239      59
     255     235      52
     255     233      50
     255     231      50
     255     229      51
     255     227      50
     255     225      46
     255     221      42
     255     218      34
     255     219      35
     255     218      35
     255     215      37
     255     212      36
     255     210      33
     255     206      27
     255     203      22
     255     201      19
     255     198      17
     255     192      15
     255     190      12
     255     187      12
     255     184      12
     255     181      13
     255     179      13
     255     174      11
     255     169       6
     255     165       6
     255     161       4
     255     158       2
     255     154       2
     253     151       4
     254     148       5
     254     144       6
     254     139       2
     254     132       0
     254     128       1
     254     123       1
     254     118       0
     254     114       0
     254     110       1
     254     106       3
     254     101       3
     252      94       1
     253      88       1
     253      83       3
     253      77       1
     251      70       0
     252      65       0
     251      60       1
     251      55       2
     250      49       1
     248      41       0
     249      34       3
     247      30       4
     246      21       2
     246      14       0
     244       7       0
     244       2       0
     243       1       4
     242       0      10
     239       2      19
     238       5      30
     237       4      36
     235       3      41
     233       0      44
     231       0      49
     230       0      54
     228       0      61
     226       0      67
     225       4      77
     220       7      85
     218       6      90
     215       4      93
     212       1      95
     209       0      99
     206       0     104
     204       0     107
     202       2     115
     197       6     120
     195       8     124
     190       7     127
     186       4     127
     181       1     128
     177       0     129
     173       0     130
     169       0     132
     165       0     131
     161       0     133
     156       2     133
     153       6     135
     148      10     135
     143      10     133
     136       7     130
     127       2     126
      79       0      78
