      17      27      61
      27      46     100
      28      48     104
      30      52     108
      33      56     113
      36      60     116
      39      63     122
      41      67     125
      41      68     127
      38      69     130
      36      68     129
      33      66     131
      31      66     133
      32      67     134
      33      70     137
      35      73     141
      39      78     146
      42      84     150
      45      87     155
      47      91     158
      47      91     160
      45      91     162
      43      89     162
      39      90     166
      38      92     168
      38      93     169
      40      96     171
      46     101     174
      52     106     178
      57     113     181
      61     116     183
      63     121     186
      65     124     187
      64     125     188
      64     125     189
      63     126     191
      63     129     193
      64     130     194
      66     133     196
      69     136     198
      73     140     200
      78     146     203
      82     150     207
      84     153     208
      86     156     210
      86     159     212
      87     161     213
      89     165     216
      90     166     217
      93     169     219
      95     170     219
      98     172     220
     102     175     221
     106     179     224
     110     182     226
     114     183     227
     116     185     228
     118     188     229
     120     189     230
     121     190     231
     124     192     232
     127     195     233
     130     197     234
     133     199     236
     137     201     237
     140     205     238
     142     207     241
     146     209     242
     148     211     243
     150     213     243
     156     217     246
     157     218     247
     161     219     246
     163     220     247
     166     221     247
     168     221     246
     171     222     248
     173     223     248
     176     224     248
     178     225     248
     180     226     248
     183     227     248
     185     228     247
     187     228     248
     190     229     247
     192     230     248
     195     231     247
     197     232     247
     200     233     249
     203     235     249
     205     235     249
     207     236     249
     209     236     249
     214     238     248
     216     239     249
     217     239     249
     219     240     250
     221     241     249
     222     241     249
     225     243     251
     227     244     251
     228     244     251
     230     245     251
     231     246     252
     232     245     252
     234     247     252
     236     248     252
     237     247     253
     240     249     253
     242     250     253
     243     250     253
     245     251     254
     247     252     254
     248     252     254
     250     253     254
     252     254     255
     255     255     255
     255     255     255
     255     255     255
     255     255     255
     255     255     255
     255     255     255
     255     255     255
     255     255     255
     255     255     255
     255     255     255
     255     255     255
     255     255     255
     255     255     255
     255     255     255
     255     255     255
     255     255     255
     255     255     255
     255     255     255
     255     255     255
     255     255     255
     255     255     255
     255     255     255
     255     255     255
     255     255     255
     255     254     251
     255     253     247
     255     253     243
     255     252     238
     254     251     234
     254     250     230
     254     249     226
     254     248     222
     254     248     217
     254     246     212
     254     246     208
     254     245     204
     253     244     200
     253     243     197
     253     243     193
     253     242     188
     253     241     184
     253     239     179
     253     239     175
     253     237     171
     252     237     167
     252     236     162
     252     234     154
     251     233     150
     252     230     145
     252     228     141
     252     225     138
     252     222     132
     253     219     128
     253     217     123
     253     214     119
     253     212     115
     253     209     109
     253     207     105
     253     205     101
     253     202      97
     253     200      93
     253     198      89
     253     195      85
     253     192      80
     254     190      75
     254     187      71
     254     185      66
     254     182      61
     254     180      57
     254     175      48
     254     172      49
     253     170      49
     253     167      50
     253     164      50
     251     161      48
     252     158      48
     250     155      46
     251     152      46
     251     149      46
     249     146      45
     250     143      45
     250     141      47
     249     139      47
     249     137      49
     247     134      48
     248     131      48
     248     127      46
     246     124      44
     247     120      43
     247     117      43
     246     115      42
     246     112      42
     245     107      43
     244     106      45
     242     104      47
     241     103      49
     239     101      50
     238      95      48
     236      91      47
     234      85      43
     234      81      41
     232      78      41
     231      75      41
     230      74      42
     227      72      44
     228      71      47
     227      70      49
     225      69      51
     223      67      52
     221      63      50
     221      59      48
     219      52      45
     218      46      42
     215      41      40
     214      38      40
     212      35      40
     209      35      42
     209      37      46
     206      40      48
     202      41      50
     202      42      50
     199      42      48
     195      37      45
     191      35      41
     188      30      37
     185      28      35
     183      26      33
     180      26      33
     177      27      34
     177      30      38
     175      34      39
     173      36      41
     171      36      41
     167      35      39
     164      32      36
     161      28      33
     157      25      30
     153      23      27
     150      22      26
      91      13      16
