       4      19      44
       4      20      47
       4      21      50
       5      23      53
       5      24      56
       5      25      59
       6      27      62
       6      28      66
       6      29      69
       8      32      73
      10      35      78
      12      39      83
      14      42      88
      16      45      93
      18      48      98
      20      52     102
      22      55     107
      21      56     109
      19      55     109
      18      53     109
      16      52     108
      14      51     108
      12      50     107
      10      49     107
       8      47     107
       7      48     108
       7      52     114
       7      56     120
       7      61     126
       7      65     132
       7      69     138
       7      73     144
       7      78     150
       8      82     156
      12      86     159
      16      90     162
      20      94     165
      24      98     168
      29     103     171
      33     107     174
      37     111     177
      41     115     180
      41     115     181
      39     115     181
      38     114     181
      37     114     181
      36     114     181
      35     113     181
      34     113     181
      33     113     181
      35     115     182
      39     119     184
      43     123     186
      47     127     188
      51     131     191
      55     135     193
      59     139     195
      63     143     197
      67     146     199
      71     148     200
      74     150     201
      78     153     202
      81     155     203
      85     157     204
      88     159     205
      92     161     206
      94     162     206
      94     162     206
      93     162     206
      93     161     206
      92     161     205
      91     161     205
      91     160     205
      90     160     205
      90     160     205
      93     163     206
      97     167     207
     100     171     208
     104     174     209
     108     178     210
     111     182     211
     115     186     212
     119     190     213
     124     193     215
     129     196     216
     134     199     218
     140     202     220
     145     205     222
     151     208     223
     156     211     225
     162     214     227
     165     216     228
     165     216     228
     166     217     228
     167     217     228
     167     218     229
     168     218     229
     168     219     229
     169     219     229
     171     220     230
     177     223     233
     183     226     236
     189     229     239
     195     233     243
     201     236     246
     207     239     249
     213     242     252
     219     245     255
     221     245     255
     223     246     255
     225     247     255
     227     247     255
     230     248     255
     232     249     255
     234     250     255
     236     250     255
     237     251     255
     237     251     255
     238     251     255
     238     251     255
     238     251     255
     239     251     255
     239     251     255
     239     251     255
     241     251     254
     242     249     253
     244     248     251
     246     246     250
     248     245     249
     250     243     248
     252     242     246
     253     240     245
     255     239     244
     255     237     242
     255     236     240
     255     235     238
     255     233     237
     255     232     235
     255     230     233
     255     229     231
     255     227     229
     255     227     229
     255     226     228
     255     226     227
     255     225     226
     255     225     226
     255     225     225
     255     224     224
     255     224     224
     254     219     217
     254     215     211
     253     210     204
     253     206     198
     253     201     191
     252     197     185
     252     192     178
     252     188     171
     252     184     166
     252     181     162
     252     178     157
     252     174     153
     252     171     148
     252     168     144
     252     164     139
     252     161     135
     252     159     131
     252     157     129
     252     155     127
     252     154     124
     252     152     122
     252     150     120
     252     148     118
     252     147     115
     251     144     112
     251     139     107
     251     135     103
     251     130      98
     251     125      93
     251     120      88
     251     115      83
     251     110      78
     250     105      73
     249     102      72
     249      99      71
     248      96      69
     247      93      68
     246      90      66
     245      86      65
     244      83      63
     243      80      62
     242      78      60
     242      75      57
     241      73      55
     241      70      53
     241      68      50
     240      65      48
     240      63      46
     240      61      43
     237      57      42
     233      53      40
     228      48      38
     224      44      37
     219      39      35
     215      35      34
     211      31      32
     206      26      31
     202      24      30
     199      25      30
     196      26      31
     193      27      32
     190      28      33
     187      29      33
     183      30      34
     180      31      35
     177      31      35
     176      29      33
     174      27      31
     173      25      29
     171      23      27
     170      21      26
     169      19      24
     167      17      22
     166      15      20
     160      14      19
     155      13      18
     149      13      18
     144      12      17
     138      12      17
     132      11      16
     127      10      15
     121      10      15
     119      10      15
     117      11      15
     116      12      15
     115      13      16
     114      13      16
     113      14      17
     111      15      17
     110      16      17
     109      16      17
     107      14      14
     105      11      12
     103       9      10
     101       7       8
     100       5       6
      98       3       3
      96       1       1
      94       0       0
      89       0       0
      85       0       0
      80       0       0
      76       0       0
      72       0       0
      67       0       0
      63       0       0
      59       0       0
