      17      46     100
      27      46     100
      28      48     104
      30      51     107
      32      55     112
      35      58     115
      37      61     120
      39      65     123
      39      67     126
      38      68     129
      36      68     129
      33      66     131
      31      66     133
      32      67     134
      32      70     137
      35      73     141
      38      77     145
      41      82     149
      44      86     154
      47      90     157
      47      91     160
      44      90     162
      41      89     162
      38      90     166
      38      91     168
      38      93     169
      40      96     171
      45     101     174
      51     105     177
      56     112     180
      61     116     183
      61     120     186
      63     122     187
      63     123     188
      63     124     189
      62     126     191
      63     128     192
      64     130     194
      66     133     196
      69     136     198
      73     140     200
      77     146     203
      81     150     206
      83     152     208
      85     156     210
      85     158     212
      87     161     213
      89     165     216
      90     166     217
      93     169     219
      96     171     220
      99     173     221
     102     175     222
     106     179     224
     110     182     225
     113     183     227
     115     185     228
     117     188     229
     119     189     230
     122     191     232
     125     193     233
     128     196     234
     131     198     235
     134     200     237
     137     202     238
     140     205     239
     142     207     241
     146     209     242
     148     211     243
     151     214     244
     157     218     247
     159     219     247
     162     220     247
     164     221     247
     167     222     247
     169     222     247
     172     223     248
     174     224     248
     176     225     248
     179     226     248
     181     227     248
     184     228     248
     186     229     248
     188     229     248
     191     230     248
     193     231     248
     196     232     248
     198     233     248
     201     234     249
     203     235     249
     205     236     249
     208     236     249
     210     237     249
     215     239     249
     217     240     249
     218     240     250
     220     241     250
     222     242     250
     223     242     250
     225     243     251
     227     244     251
     228     244     251
     230     245     251
     232     246     252
     233     246     252
     235     247     252
     237     248     252
     238     248     253
     240     249     253
     242     250     253
     243     250     253
     245     251     254
     247     252     254
     248     252     254
     250     253     254
     252     254     255
     255     255     255
     255     255     255
     255     255     255
     255     255     255
     255     255     255
     255     255     255
     255     255     255
     255     255     255
     255     255     255
     255     255     255
     255     255     255
     255     255     255
     255     255     255
     255     255     255
     255     255     255
     255     255     255
     255     255     255
     255     255     255
     255     255     255
     255     255     255
     255     255     255
     255     255     255
     255     255     255
     255     255     255
     255     254     251
     255     253     247
     255     253     243
     255     252     238
     254     251     234
     254     250     230
     254     249     226
     254     248     222
     254     248     218
     254     247     213
     254     246     209
     254     245     205
     253     244     201
     253     243     197
     253     243     193
     253     242     188
     253     241     184
     253     240     180
     253     239     176
     253     238     172
     252     238     168
     252     237     163
     252     235     155
     252     233     151
     252     230     146
     252     228     142
     252     225     138
     252     223     133
     253     220     129
     253     218     124
     253     215     120
     253     213     116
     253     210     111
     253     208     107
     253     206     103
     253     203      98
     253     201      94
     253     198      89
     253     196      85
     253     193      81
     254     191      76
     254     188      72
     254     186      68
     254     183      63
     254     181      59
     254     176      50
     254     173      50
     253     170      49
     253     167      50
     253     164      50
     252     161      48
     252     159      48
     251     156      47
     251     153      47
     251     150      47
     250     147      46
     250     144      46
     250     141      47
     249     139      47
     249     137      48
     248     134      47
     248     130      47
     248     127      46
     247     124      44
     247     121      43
     247     118      43
     246     115      42
     246     112      42
     245     107      42
     244     105      44
     242     104      46
     241     102      47
     239     100      48
     238      95      47
     237      91      46
     235      85      43
     234      81      41
     232      78      41
     231      75      41
     229      73      42
     228      72      44
     228      70      45
     226      69      47
     225      67      49
     223      66      50
     221      63      50
     221      58      48
     219      51      45
     218      46      42
     215      41      40
     214      38      40
     212      34      40
     209      34      42
     209      36      45
     206      39      47
     202      41      50
     201      42      50
     198      40      47
     195      36      44
     191      33      40
     188      30      37
     185      27      34
     183      26      33
     180      26      33
     177      27      34
     177      30      38
     174      34      39
     173      34      39
     170      33      39
     166      33      37
     164      30      35
     160      27      32
     157      25      30
     153      23      27
     150      22      26
      91      13      16
