     135     135     135
     135     135     135
     136     136     136
     137     137     137
     138     138     138
     139     139     139
     139     139     139
     140     140     140
     141     141     141
     142     142     142
     143     143     143
     144     144     144
     144     144     144
     145     145     145
     146     146     146
     147     147     147
     148     148     148
     149     149     149
     149     149     149
     150     150     150
     151     151     151
     152     152     152
     153     153     153
     153     153     153
     154     154     154
     155     155     155
     156     156     156
     157     157     157
     158     158     158
     158     158     158
     159     159     159
     160     160     160
     161     161     161
     162     162     162
     163     163     163
     163     163     163
     164     164     164
     165     165     165
     166     166     166
     167     167     167
     167     167     167
     168     168     168
     169     169     169
     170     170     170
     171     171     171
     172     172     172
     172     172     172
     173     173     173
     174     174     174
     175     175     175
     176     176     176
     176     176     176
     177     177     177
     178     178     178
     179     179     179
     180     180     180
     181     181     181
     181     181     181
     182     182     182
     183     183     183
     184     184     184
     185     185     185
     186     186     186
     186     186     186
     187     187     187
     188     188     188
     189     189     189
     190     190     190
     191     191     191
     191     191     191
     192     192     192
     193     193     193
     194     194     194
     195     195     195
     195     195     195
     196     196     196
     197     197     197
     198     198     198
     199     199     199
     200     200     200
     200     200     200
     201     201     201
     202     202     202
     203     203     203
     204     204     204
     204     204     204
     205     205     205
     206     206     206
     207     207     207
     208     208     208
     209     209     209
     209     209     209
     210     210     210
     211     211     211
     212     212     212
     213     213     213
     214     214     214
     214     214     214
     215     215     215
     216     216     216
     217     217     217
     218     218     218
     218     218     218
     219     219     219
     220     220     220
     221     221     221
     222     222     222
     223     223     223
     223     223     223
     224     224     224
     225     225     225
     226     226     226
     227     227     227
     228     228     228
     228     228     228
     229     229     229
     230     230     230
     231     231     231
     232     232     232
     232     232     232
     233     233     233
     234     234     234
     235     235     235
     236     236     236
     237     237     237
     237     237     237
     238     238     238
     239     239     239
     240     240     240
     241     241     241
     242     242     242
     242     242     242
     243     243     243
     244     244     244
     245     245     245
     246     246     246
     247     247     247
     247     247     247
     248     248     248
     249     249     249
     250     250     250
     251     251     251
     251     251     251
     252     252     252
     253     253     253
     254     254     254
     254     254     254
     254     253     253
     253     252     252
     253     250     251
     252     249     250
     252     248     248
     252     247     247
     251     245     246
     251     244     245
     250     243     244
     250     242     243
     249     240     241
     249     239     240
     248     238     239
     248     236     238
     247     235     237
     247     234     236
     246     233     235
     246     231     233
     245     230     232
     245     229     231
     245     228     230
     244     226     229
     244     225     228
     243     224     227
     243     223     225
     242     221     224
     242     220     223
     241     219     222
     241     218     221
     240     216     220
     240     215     218
     239     214     217
     239     212     216
     239     211     215
     238     210     214
     238     209     213
     238     208     212
     238     206     211
     239     205     210
     239     204     209
     240     203     208
     240     202     207
     241     201     206
     241     199     205
     242     198     204
     242     197     203
     243     196     202
     243     195     201
     243     194     200
     244     193     199
     244     191     198
     245     190     197
     245     189     196
     246     188     195
     246     187     194
     247     186     193
     247     184     192
     248     183     191
     248     182     190
     249     181     189
     249     180     188
     250     179     187
     250     178     186
     250     176     185
     251     175     184
     251     174     183
     252     173     182
     252     172     181
     253     171     180
     253     169     179
     254     168     178
     254     167     177
     254     166     176
     254     166     175
     253     165     175
     252     165     174
     252     164     173
     251     164     172
     251     163     172
     250     163     171
     249     163     170
     249     162     170
     248     162     169
     248     161     168
     247     161     167
     246     160     167
     246     160     166
     245     159     165
     245     159     164
     244     158     164
     243     158     163
     243     157     162
     242     157     161
     242     156     161
     241     156     160
     240     156     159
     240     155     158
     239     155     158
     239     154     157
     238     154     156
     237     153     155
     237     153     155
     236     152     154
     236     152     153
     235     151     152
     234     151     152
     234     150     151
     233     150     150
     233     150     150
