      25      25      25
      22      22      32
      21      21      37
      20      20      40
      20      20      45
      19      19      47
      20      20      50
      18      18      55
      19      19      58
      18      18      62
      17      17      65
      18      18      70
      18      18      73
      17      17      77
      17      17      80
      17      17      84
      17      17      89
      15      15      93
      16      16      97
      16      16     101
      16      16     105
      14      15     107
      15      18     109
      15      20     111
      15      22     113
      15      24     115
      14      28     116
      14      30     119
      14      33     120
      14      36     122
      14      38     124
      13      41     126
      13      45     127
      13      48     128
      13      51     130
      13      54     131
      13      59     134
      11      62     135
      12      65     136
      12      69     138
      12      73     139
      12      77     141
      12      81     143
      11      85     143
      11      89     145
      11      93     146
      11      97     147
      11     101     149
      11     105     150
      11     110     152
      10     114     152
      10     119     154
      10     123     155
      10     127     156
      10     133     158
      10     138     159
      10     143     161
      10     146     161
       9     152     162
       9     157     164
       9     162     165
       8     166     166
      10     167     165
      14     169     163
      18     170     159
      22     171     156
      26     172     153
      30     172     150
      35     174     146
      39     176     143
      43     176     140
      48     178     137
      52     178     133
      57     180     129
      61     180     126
      65     181     122
      71     183     119
      75     183     115
      80     185     111
      85     186     106
      89     187     103
      95     189      98
     100     189      95
     105     189      90
     110     191      86
     114     191      82
     121     193      78
     126     194      73
     131     195      69
     137     197      64
     141     197      60
     148     199      54
     152     198      50
     159     200      45
     164     201      40
     169     201      36
     176     203      31
     180     203      26
     187     205      21
     193     206      16
     198     206      11
     205     208       6
     209     206       5
     208     201       3
     209     197       4
     210     193       4
     212     188       4
     212     184       4
     214     179       4
     214     175       4
     215     170       4
     217     166       4
     217     160       4
     217     156       2
     218     152       3
     219     146       3
     221     141       3
     221     137       3
     222     131       3
     222     126       3
     224     121       3
     225     116       3
     225     111       3
     227     105       2
     226     100       1
     227      95       2
     229      89       2
     229      85       2
     230      78       2
     231      73       2
     232      68       2
     233      62       2
     233      56       2
     235      50       2
     235      45       2
     235      38       0
     237      33       1
     237      27       1
     238      21       1
     238      15       1
     240       9       1
     241       3       1
     238       0       1
     236       1       0
     234       3       1
     228       6       1
     226       9       1
     223      10       0
     221      13       2
     218      14       1
     213      16       3
     208      17       2
     208      18       3
     202      20       4
     199      21       4
     195      22       6
     192      23       7
     187      24       8
     181      25      10
     178      25      11
     173      27      13
     170      27      14
     164      27      16
     158      28      18
     154      28      20
     150      28      22
     145      27      23
     140      27      26
     135      27      28
     129      26      31
     123      25      33
     116      25      35
     111      24      38
     107      22      41
     100      22      44
      92      20      47
      86      19      49
      82      17      53
      75      15      56
      69      14      59
      66      17      62
      68      20      65
      71      22      68
      74      27      74
      75      30      77
      78      33      81
      80      36      84
      82      40      88
      87      45      93
      90      48      97
      93      52     101
      96      56     105
     100      61     109
     105      66     115
     108      69     119
     112      74     123
     117      79     128
     122      85     133
     128      91     139
     132      94     143
     137     101     148
     140     104     152
     149     113     160
     154     118     165
     159     123     170
     165     129     175
     170     134     180
     180     142     188
     185     148     193
     192     154     199
     199     161     204
     207     168     211
     214     176     218
     221     182     223
     228     189     230
     236     196     236
     244     204     243
     253     213     254
     254     217     254
     254     215     254
     254     212     252
     254     209     252
     254     204     250
     254     199     248
     254     194     244
     254     187     241
     254     181     238
     254     173     233
     254     166     229
     254     156     223
     252     149     218
     253     143     211
     252     136     203
     249     131     197
     244     125     189
     241     118     183
     235     112     176
     231     106     167
     226     103     160
     217      93     150
     212      88     141
     205      82     131
     196      76     120
     187      69     112
     177      62     102
     166      55      93
     155      48      82
     144      42      71
     133      36      59
     119      31      48
     104      24      34
      88      19      26
      62      13      17
      39       8      10
       8       1       2
       0       0       0
