     254     233      71
     253     231      71
     252     230      71
     251     229      72
     250     228      72
     249     227      73
     249     226      74
     248     225      74
     247     224      75
     246     223      75
     245     222      76
     245     221      77
     244     220      77
     243     219      78
     242     218      78
     241     217      79
     240     216      80
     239     215      81
     237     214      82
     236     213      83
     236     213      83
     234     212      84
     233     211      85
     232     210      86
     231     209      87
     229     208      88
     229     207      89
     227     206      90
     226     205      90
     225     204      92
     224     203      92
     223     202      93
     222     202      93
     221     201      94
     220     200      95
     219     199      95
     217     198      96
     216     197      97
     215     196      97
     214     195      98
     213     194      99
     212     193      99
     210     192     100
     210     191     101
     208     190     101
     207     189     102
     207     189     102
     205     188     103
     204     187     103
     203     186     104
     202     185     104
     201     184     105
     200     184     105
     199     182     106
     198     182     106
     197     181     107
     195     180     107
     194     179     107
     193     178     108
     193     178     108
     191     176     109
     190     176     109
     189     175     110
     188     174     110
     187     173     110
     186     172     111
     185     171     111
     184     171     112
     183     169     112
     182     169     112
     181     168     113
     179     167     113
     179     166     114
     177     165     114
     177     165     114
     175     164     115
     174     163     115
     173     162     115
     172     161     115
     171     160     115
     170     160     116
     169     159     116
     168     158     116
     167     157     116
     166     156     116
     165     156     117
     163     155     117
     163     154     117
     161     153     117
     161     153     117
     159     152     118
     159     151     118
     157     150     118
     157     149     118
     155     148     118
     154     148     118
     154     147     118
     152     146     119
     152     145     119
     150     144     119
     150     144     119
     148     143     119
     148     142     119
     146     141     119
     146     141     119
     145     140     120
     144     139     120
     143     138     120
     142     137     120
     141     137     120
     140     136     120
     139     135     120
     138     134     120
     137     134     120
     136     133     120
     135     132     120
     134     131     120
     134     130     120
     132     129     120
     132     129     120
     130     128     120
     130     127     120
     129     126     120
     128     126     120
     127     125     120
     126     124     119
     125     124     119
     124     123     119
     123     122     119
     122     121     119
     121     120     118
     120     120     118
     119     119     118
     118     118     118
     118     118     118
     117     117     117
     116     116     117
     115     115     117
     114     115     116
     113     114     116
     112     113     116
     112     112     115
     111     112     115
     110     111     115
     109     110     114
     108     110     114
     107     109     113
     106     108     113
     106     107     113
     105     107     113
     104     106     112
     103     105     112
     102     105     112
     101     104     112
     100     103     112
      99     102     111
      98     101     111
      97     101     111
      96     100     111
      95      99     111
      94      99     110
      94      98     110
      93      97     110
      92      97     110
      91      96     110
      90      95     109
      89      94     109
      88      94     109
      87      93     109
      86      92     109
      85      91     109
      84      91     109
      83      90     108
      82      89     108
      82      89     108
      80      88     108
      80      87     108
      79      86     108
      78      86     108
      77      85     108
      76      84     107
      74      83     107
      74      82     107
      72      82     107
      71      81     107
      70      80     107
      69      80     107
      69      79     107
      67      78     107
      66      77     107
      65      77     107
      64      76     107
      63      75     107
      62      74     107
      61      74     107
      59      73     107
      58      72     107
      57      72     107
      56      71     107
      54      70     107
      52      70     107
      51      69     107
      50      69     107
      48      68     107
      47      67     107
      45      66     107
      44      66     107
      42      65     107
      41      64     107
      40      64     107
      38      63     108
      36      62     108
      32      62     108
      30      61     108
      27      60     108
      25      59     108
      22      59     108
      19      58     108
      16      57     109
      14      56     109
      11      56     109
       9      55     109
       6      54     109
       3      54     109
       1      53     109
       0      52     109
       0      52     109
       0      51     108
       0      50     108
       0      49     107
       0      49     107
       0      48     106
       0      48     106
       0      47     105
       0      46     105
       0      45     104
       0      45     104
       0      44     104
       0      44     103
       0      43     103
       0      42     101
       0      41     100
       0      41      98
       0      40      96
       0      39      95
       0      38      93
       0      38      91
       0      37      90
       0      36      87
       0      36      86
       0      35      84
       0      34      83
       0      33      81
       0      33      79
      15      39      81
     108     118     126
