     255     255     255
      83      47       4
      92      55      12
      89      50       4
     101      63      18
      95      56       8
     101      61      12
     101      61      11
     101      57       5
     103      58       6
     104      61       8
     107      63       9
     111      66      11
     118      73      19
     113      65       7
     123      76      19
     116      66       6
     123      72      11
     121      70       8
     122      71      10
     121      69       7
     131      80      19
     130      75      11
     136      83      19
     134      80      15
     136      79      10
     140      83      12
     137      79       8
     138      79       9
     142      84      14
     149      90      21
     148      88      16
     154      98      29
     149      89      16
     157     100      28
     153      95      20
     157      97      21
     160     102      29
     159      99      23
     168     110      37
     168     108      32
     171     112      35
     172     113      36
     171     111      31
     175     113      34
     175     113      35
     176     115      36
     178     117      38
     184     126      48
     182     121      39
     190     132      53
     186     125      42
     191     129      47
     191     128      45
     191     128      47
     191     129      46
     196     139      59
     196     139      57
     199     146      67
     199     147      68
     199     147      67
     202     151      74
     200     148      69
     203     153      76
     206     158      84
     206     160      84
     210     168      97
     208     164      88
     213     172     101
     211     168      95
     212     174     100
     212     173     100
     214     177     105
     215     178     105
     218     184     117
     218     185     116
     219     187     118
     219     188     120
     220     189     120
     223     195     127
     223     194     126
     224     196     128
     225     198     133
     227     202     142
     227     200     137
     230     205     148
     227     202     141
     230     206     149
     230     205     147
     231     207     150
     233     212     159
     233     212     159
     235     214     164
     235     214     163
     235     216     166
     237     219     172
     237     218     170
     239     221     177
     240     223     180
     241     224     182
     243     228     189
     243     227     186
     246     231     195
     245     229     191
     244     231     195
     245     231     199
     244     232     199
     245     233     203
     245     233     202
     244     235     206
     245     235     209
     245     235     210
     245     236     212
     245     236     212
     245     237     217
     244     238     220
     245     238     221
     245     240     226
     244     239     224
     245     241     229
     245     240     227
     245     239     229
     244     240     231
     245     241     233
     245     241     233
     245     243     237
     245     243     239
     244     244     242
     245     244     245
     243     243     243
     241     244     244
     240     243     243
     237     242     241
     234     241     240
     231     240     239
     230     240     239
     227     240     239
     228     239     240
     224     240     237
     224     239     237
     221     239     236
     218     238     235
     214     237     235
     212     236     234
     214     237     232
     211     236     231
     209     236     232
     208     236     232
     205     235     231
     206     235     231
     202     234     229
     199     232     227
     197     232     227
     193     231     226
     187     229     223
     187     229     222
     183     227     220
     179     225     219
     177     224     217
     172     222     214
     171     221     215
     167     220     214
     165     220     211
     164     220     210
     159     217     208
     157     216     207
     151     214     205
     147     212     202
     147     212     201
     142     210     199
     146     212     201
     137     208     197
     139     208     199
     133     206     195
     128     203     193
     126     202     192
     125     204     193
     121     201     189
     123     199     189
     122     198     188
     117     196     186
     115     194     184
     106     189     178
     105     187     177
     102     185     175
     102     185     174
      96     181     171
     100     182     174
      91     178     168
      97     179     170
      87     174     165
      86     174     163
      81     171     161
      74     166     157
      75     165     156
      70     163     154
      71     162     153
      69     161     152
      61     157     148
      62     157     148
      52     151     142
      50     149     141
      50     148     140
      50     148     140
      46     145     137
      55     148     140
      42     141     133
      49     144     136
      41     139     131
      37     135     127
      35     133     125
      34     133     125
      32     131     124
      36     133     124
      33     131     122
      29     127     119
      34     129     121
      20     120     112
      24     121     113
      16     117     109
      14     113     106
      22     117     110
      10     110     102
      21     117     109
       8     107      99
      11     107      99
       5     104      96
       0      99      92
       0      98      90
       3     100      92
       2      98      89
       6      98      90
      10      98      91
       2      92      84
      11      95      87
       0      87      78
       1      87      77
       0      85      75
       3      86      76
       0      82      72
      12      90      81
       0      80      70
      12      86      76
       4      79      69
       2      76      66
       2      75      65
       0      72      64
       0      69      61
       5      72      60
       7      72      60
       4      67      57
      14      73      62
       0      62      50
       7      64      53
       0      57      45
       0      37      29
