     255     255     255
     255     255     255
     251     249     249
     251     249     249
     246     244     244
     246     244     244
     242     239     239
     242     240     238
     237     232     231
     237     231     230
     235     229     228
     235     229     228
     231     225     223
     230     224     222
     226     220     218
     226     219     217
     223     214     212
     223     214     212
     219     208     206
     219     208     206
     214     204     202
     214     203     201
     211     199     197
     211     197     196
     208     193     191
     207     193     190
     202     188     185
     202     188     185
     198     184     180
     198     182     178
     195     179     175
     195     178     174
     192     174     170
     191     173     169
     186     167     163
     186     167     163
     182     163     159
     182     162     158
     180     158     154
     179     157     153
     173     151     146
     172     150     145
     169     146     142
     170     147     142
     166     142     137
     167     142     137
     163     137     131
     162     136     130
     159     133     127
     158     132     126
     154     126     121
     154     126     121
     151     121     115
     151     121     115
     148     116     110
     147     116     110
     143     112     105
     142     111     104
     139     107     100
     138     106      99
     135     101      94
     135     102      95
     130      97      88
     130      96      88
     129      93      85
     128      92      84
     132      98      86
     131      97      85
     135     102      88
     135     102      88
     139     106      90
     139     105      89
     144     115      95
     144     114      93
     147     118      95
     146     117      94
     150     122      97
     150     122      96
     155     127      99
     155     128      99
     160     133     102
     160     132     101
     163     139     105
     162     137     102
     168     143     106
     168     143     105
     172     148     108
     172     148     108
     175     153     110
     175     152     109
     180     159     112
     179     158     112
     184     165     114
     183     163     113
     187     168     115
     187     168     115
     190     173     118
     190     173     117
     195     178     121
     194     178     120
     199     183     123
     199     183     122
     203     188     125
     203     188     125
     208     197     128
     208     197     128
     212     199     130
     212     198     129
     216     205     132
     216     205     130
     219     210     134
     219     210     134
     223     215     136
     223     215     136
     228     220     137
     228     220     138
     231     224     140
     231     224     139
     234     229     142
     234     229     141
     238     234     143
     238     234     143
     243     239     147
     243     239     147
     247     245     149
     247     245     148
     250     250     151
     250     250     150
     253     254     152
     253     254     152
     242     252     150
     244     253     152
     230     249     148
     231     250     148
     227     248     147
     228     249     147
     219     247     145
     221     247     146
     210     245     143
     212     246     144
     204     244     142
     206     244     141
     195     243     141
     196     243     141
     188     240     139
     188     241     139
     180     239     137
     183     240     138
     167     237     135
     168     237     136
     165     237     135
     165     237     135
     155     234     132
     156     235     133
     148     232     130
     149     233     131
     138     231     129
     140     232     130
     132     229     127
     132     230     128
     123     227     125
     124     227     125
     115     227     124
     118     227     125
     104     225     123
     105     225     123
      99     224     121
     101     224     122
      92     222     120
      94     222     120
      83     220     118
      85     221     120
      76     218     116
      79     219     119
      67     216     115
      70     217     116
      61     215     114
      60     216     114
      50     213     111
      52     213     112
      37     211     109
      41     212     110
      34     210     108
      37     211     109
      26     208     106
      28     209     107
      20     208     106
      21     208     106
      12     205     103
      14     206     104
       4     205     103
       8     206     104
       1     202     106
       1     202     105
       0     195     125
       0     196     123
       0     193     130
       1     194     130
       0     189     143
       2     190     143
       0     185     155
       2     186     155
       0     179     174
       0     179     172
       0     177     178
       1     177     178
       0     173     191
       2     174     190
       0     168     203
       1     171     201
       0     163     220
       0     164     219
       0     162     226
       0     162     225
       0     157     238
       3     159     237
       0     154     250
       3     155     250
       3     146     248
       4     147     248
       4     143     245
       4     143     245
       7     137     239
       9     138     240
       9     128     230
      12     130     232
      11     127     229
      13     128     229
      15     118     220
      16     119     221
      16     116     218
      18     117     219
      21     109     211
      23     110     212
      21     107     209
      24     108     209
      25      97     200
      26      98     200
      28      95     197
      28      96     197
      31      90     192
      34      93     193
      33      84     186
      35      87     187
      36      78     181
      36      79     181
      38      74     176
      38      73     175
      41      68     170
      43      69     171
      43      62     164
      47      66     166
      45      57     159
      48      59     160
      48      51     154
      49      53     155
