      79       0      78
     127       2     126
     136       7     130
     143      10     133
     148      10     135
     153       6     135
     156       2     133
     161       0     133
     165       0     131
     169       0     132
     173       0     130
     177       0     129
     181       1     128
     186       4     127
     190       7     127
     195       8     124
     197       6     120
     202       2     115
     204       0     107
     206       0     104
     209       0      99
     212       1      95
     215       4      93
     218       6      90
     220       7      85
     225       4      77
     226       0      67
     228       0      61
     230       0      54
     231       0      49
     233       0      44
     235       3      41
     237       4      36
     238       5      30
     239       2      19
     242       0      10
     243       1       4
     244       2       0
     244       7       0
     246      14       0
     246      21       2
     247      30       4
     249      34       3
     248      41       0
     250      49       1
     251      55       2
     251      60       1
     252      65       0
     251      70       0
     253      77       1
     253      83       3
     253      88       1
     252      94       1
     254     101       3
     254     106       3
     254     110       1
     254     114       0
     254     118       0
     254     123       1
     254     128       1
     254     132       0
     254     139       2
     254     144       6
     254     148       5
     253     151       4
     255     154       2
     255     158       2
     255     161       4
     255     165       6
     255     169       6
     255     174      11
     255     179      13
     255     181      13
     255     184      12
     255     187      12
     255     190      12
     255     192      15
     255     198      17
     255     201      19
     255     203      22
     255     206      27
     255     210      33
     255     212      36
     255     215      37
     255     218      35
     255     219      35
     255     218      34
     255     221      42
     255     225      46
     255     227      50
     255     229      51
     255     231      50
     255     233      50
     255     235      52
     255     239      59
     255     240      62
     255     242      65
     255     244      70
     255     246      75
     255     247      80
     255     249      82
     255     251      86
     255     254      88
     253     255      91
     252     255      95
     251     255      99
     249     255     104
     248     255     109
     247     255     114
     244     255     118
     243     255     124
     243     255     129
     241     255     136
     242     255     144
     242     255     149
     240     255     153
     240     255     159
     239     255     161
     238     255     169
     239     255     174
     240     255     181
     240     255     189
     242     255     196
     242     255     204
     244     255     213
     247     255     222
     249     255     236
     248     255     245
     222     255     226
     215     255     221
     207     255     215
     199     255     210
     190     255     203
     181     255     198
     172     255     192
     167     255     188
     161     255     187
     158     255     185
     154     255     184
     151     255     184
     145     255     182
     131     255     175
     127     255     175
     124     255     176
     120     255     175
     118     255     176
     112     255     178
     107     255     177
     100     255     176
      95     255     175
      90     255     176
      87     255     178
      84     255     179
      80     255     180
      77     255     182
      77     255     186
      76     255     188
      73     255     190
      70     255     192
      61     255     192
      55     255     196
      52     255     197
      50     255     200
      49     255     203
      49     255     206
      48     255     209
      46     255     212
      41     255     216
      34     255     218
      34     255     218
      36     255     221
      38     255     225
      39     255     228
      34     255     232
      31     255     234
      23     255     236
      19     255     240
      16     255     242
      16     255     245
      21     255     248
      24     255     250
      26     255     253
      21     252     255
      16     248     255
      11     244     255
       5     241     255
       5     239     255
       8     237     255
      13     234     255
      17     232     255
      16     229     255
      14     225     253
       7     222     254
       2     219     254
       0     215     254
       1     213     254
       5     211     254
      11     209     254
      14     205     254
      14     204     254
      10     199     254
       5     194     254
       0     189     253
       0     186     253
       2     183     253
       6     181     253
      12     180     252
      15     177     252
      14     174     252
       9     169     250
       3     160     250
       0     155     249
       0     151     249
       2     149     248
       8     147     247
      12     144     246
      14     141     246
      12     134     245
       6     127     244
       2     117     242
       0     112     240
       0     108     239
       3     105     237
       9     103     237
      13     100     236
      12      96     234
       9      88     231
       4      78     228
       0      68     226
       0      68     226
       4      65     225
       6      59     221
       6      53     219
       4      46     216
       1      38     212
       0      31     209
       0      25     206
       0      21     204
       2      18     202
       7      17     198
       8      12     196
       7       7     191
      10       4     186
      12       1     181
      14       0     177
      19       0     173
      23       0     169
      26       0     165
      30       0     161
      35       2     157
      41       6     154
      46      10     151
      50      10     145
      50       7     138
      47       2     130
      29       0      79
