      36      36      36
      36      36      36
      36      36      36
      36      36      36
      38      38      38
      38      38      38
      38      38      38
      38      38      38
      38      38      38
      40      40      40
      40      40      40
      40      40      40
      40      40      40
      42      42      42
      42      42      42
      42      42      42
      42      42      42
      42      42      42
      44      44      44
      44      44      44
      43      43      43
      44      44      44
      45      45      45
      46      46      46
      46      46      46
      46      46      46
      46      46      46
      48      48      48
      48      48      48
      48      48      48
      47      47      47
      52      52      52
      52      52      52
      52      52      52
      51      51      51
      57      57      57
      57      57      57
      57      57      57
      58      58      58
      58      58      58
      66      66      66
      66      66      66
      66      66      66
      66      66      66
      74      74      74
      74      74      74
      72      72      72
      74      74      74
      73      73      73
      81      81      81
      81      81      81
      81      81      81
      80      80      80
      84      84      84
      88      88      88
      87      87      87
      89      89      89
      87      87      87
      98      98      98
      97      97      97
      97      97      97
      97      97      97
     100     100     100
     103     103     103
     104     104     104
     104     104     104
     102     102     102
     112     112     112
     112     112     112
     112     112     112
     112     112     112
     123     123     123
     122     122     122
     122     122     122
     121     121     121
     121     121     121
     128     128     128
     128     128     128
     129     129     129
     129     129     129
     138     138     138
     137     137     137
     137     137     137
     137     137     137
     135     135     135
     144     144     144
     144     144     144
     145     145     145
     145     145     145
     153     153     153
     153     153     153
     153     153     153
     151     151     151
     151     151     151
     161     161     161
     161     161     161
     161     161     161
     161     161     161
     165     165     165
     167     167     167
     167     167     167
     166     166     166
     166     166     166
     176     176     176
     176     176     176
     176     176     176
     176     176     176
     176     176     176
     176     176     176
     176     176     176
     176     176     176
     176     176     176
     181     181     181
     180     180     180
     179     179     179
     180     180     180
     190     190     190
     189     189     189
     189     189     189
     189     189     189
     188     188     188
     194     194     194
     194     194     194
     192     192     192
     192     192     192
     199     199     199
     199     199     199
     199     199     199
     199     199     199
     199     199     199
     209     209     209
     207     207     207
     207     207     207
     206     206     206
     208     208     208
     209     209     209
     209     209     209
     209     209     209
     208     208     208
     217     217     217
     214     214     214
     213     213     213
     214     214     214
     218     218     218
     219     219     219
     219     219     219
     218     218     218
     220     220     220
     222     222     222
     222     222     222
     222     222     222
     220     220     220
     227     227     227
     227     227     227
     227     227     227
     227     227     227
     228     228     228
     229     229     229
     229     229     229
     229     229     229
     229     229     229
     231     231     231
     232     232     232
     232     232     232
     232     232     232
     232     232     232
     235     235     235
     235     235     235
     234     234     234
     234     234     234
     237     237     237
     236     236     236
     237     237     237
     237     237     237
     237     237     237
     239     239     239
     240     240     240
     239     239     239
     239     239     239
     242     242     242
     242     242     242
     243     243     243
     243     243     243
     242     242     242
     245     245     245
     245     245     245
     245     245     245
     245     245     245
     247     247     247
     246     246     246
     247     247     247
     247     247     247
     248     248     248
     250     250     250
     249     249     249
     251     251     251
     248     248     248
     253     253     253
     253     253     253
     253     253     253
     253     253     253
     254     254     255
     254     255     255
     254     255     255
     255     253     255
     255     255     255
     234     247     249
     229     248     253
     231     247     255
     230     248     255
     227     247     255
     216     239     252
     213     241     255
     212     240     255
     212     242     255
     196     233     252
     192     235     254
     192     234     255
     194     234     255
     191     237     255
     177     229     252
     175     231     255
     177     232     254
     177     233     253
     160     224     252
     156     225     255
     159     225     255
     159     222     255
     148     218     253
     139     218     254
     141     217     255
     144     216     255
     140     219     255
     123     211     251
     121     213     254
     125     211     255
     124     212     255
     113     210     253
     103     206     253
     105     204     254
     103     206     254
     101     207     255
      87     197     252
      86     198     253
      87     199     254
      88     198     255
      81     198     254
      69     194     252
      69     194     254
      70     194     253
      69     195     253
      62     190     252
      61     190     255
      61     190     255
      61     190     255
      64     189     255
