     253     251     246
     229     231     234
     213     220     224
     200     202     211
     189     193     203
     171     175     188
     161     167     182
     145     153     169
     132     143     158
     121     134     150
     109     123     137
      97     109     129
      82      95     116
      69      85     106
      61      76      98
      48      63      89
      31      51      76
      25      39      64
      13      29      54
      16      31      53
      17      34      57
      21      39      64
      26      47      70
      33      55      78
      35      61      82
      40      68      91
      46      76      95
      50      80     102
      57      89     109
      64      99     115
      67     106     122
      73     113     125
      76     118     131
      80     129     135
      85     135     142
      89     141     148
      93     147     154
     103     157     162
     108     167     170
     114     172     176
     117     178     180
     122     184     186
     128     195     191
     133     204     199
     138     211     205
     145     221     214
     151     227     218
     151     229     218
     145     224     208
     139     220     192
     136     216     188
     129     211     175
     120     205     159
     115     199     147
     109     194     136
     104     189     126
      98     183     116
      91     177     103
      87     171      92
      79     164      82
      74     159      71
      68     153      60
      64     148      50
      63     146      42
      76     154      37
      85     163      32
      96     168      27
     107     176      19
     121     184      10
     135     194       1
     147     200       2
     157     205       0
     172     213       0
     186     222       2
     196     227       0
     213     234       1
     226     242       2
     236     247       2
     250     255       0
     255     249       0
     255     235       1
     255     221       0
     255     209       0
     255     194       0
     255     181       0
     255     170       1
     255     158       0
     255     144       0
     255     133       2
     255     120       0
     255     111       1
     255      99       2
     247      91       2
     238      80       1
     228      70       2
     217      63       3
     209      53       1
     197      40       0
     186      33       4
     182      31       6
     171      29       3
     159      29       8
     153      28       8
     141      27       9
     129      26       7
     123      25       7
     116      23       7
     109      21       7
      99      23       9
      89      18       7
      77      19      10
      72      17       9
      61      18       9
      55      17      10
      49      16      11
      39      11       7
      35      13       8
      30      14       9
      24      12      11
      16       9       5
      16      10       7
      16      10       8
      12       7       5
       9       1       0
       9       4       2
       7       5       2
       0       1       0
       1       1       1
       0       0       0
       0       0      10
       0       0      20
       0       0      31
       0       0      41
       0       0      52
       0       0      62
       0       0      72
       0       0      83
       0       0      93
       0       0     104
       0       0     114
       0       0     124
       0       0     135
       0       0     145
       0       0     156
       0       0     166
       0       0     176
       0       0     187
       0       0     197
       0       0     208
       0       0     218
       0       0     229
       0       0     239
       4       0     250
      14       0     249
      24       0     237
      34       0     226
      43       0     216
      53       0     205
      62       0     194
      72       0     183
      81       0     172
      81       0     161
      81       0     150
      81       0     140
      80       0     129
      80       0     118
      80       0     107
      79       0      96
      85       0      85
      95       0      74
     105       0      64
     115       0      52
     125       0      41
     135       0      31
     145       0      20
     155       0       9
     165       0       0
     176       0       0
     186       0       0
     198       0       0
     208       0       0
     219       0       0
     230       0       0
     255       0       0
     255       0       0
     255       7       0
     255      18       0
     255      29       0
     255      39       0
     255      50       0
     255      61       0
     255      72       0
     255      83       2
     255      92      11
     255     102      21
     255     111      30
     255     121      40
     255     131      50
     255     140      59
     255     150      69
     255     160      79
     255     163      73
     255     163      61
     255     163      49
     255     163      38
     255     163      26
     255     163      14
     255     163       2
     255     163       0
     250     163       0
     234     163       0
     219     163       0
     204     163       0
     188     163       0
     173     163       0
     166     163       0
     176     167       2
     186     179       8
     196     191      14
     207     203      21
     217     216      27
     227     228      34
     237     240      40
     247     253      47
     255     255      53
     255     255      60
     255     255      66
     255     255      73
     255     255      79
     255     255      86
     255     255      92
     255     255      99
     255     255     105
     255     255     111
     255     255     118
     255     255     124
     255     255     131
     255     255     137
     255     255     144
     255     255     150
     255     255     157
     255     255     163
     255     255     170
     255     255     176
     255     255     182
     255     255     189
     255     255     195
     255     255     202
     255     255     208
     255     255     215
     255     255     221
     255     255     228
     255     255     234
     255     255     241
     255     255     247
     255     255     255
