     253     251     246
     235     237     240
     230     232     235
     220     226     231
     214     221     225
     207     209     219
     201     203     212
     193     198     208
     190     194     204
     184     189     199
     172     176     189
     166     172     186
     162     168     183
     156     163     176
     146     154     170
     142     149     165
     133     144     159
     126     138     153
     122     135     151
     114     128     144
     110     124     138
     101     113     133
      98     110     130
      91     105     126
      83      96     117
      75      91     112
      70      86     107
      64      78     101
      63      77      99
      53      69      93
      49      65      91
      42      55      81
      32      52      77
      29      46      71
      27      41      66
      19      30      58
      14      30      55
      12      27      49
      17      32      54
      12      29      52
      17      35      58
      18      34      57
      21      39      64
      24      45      66
      26      47      70
      30      51      74
      34      55      78
      33      57      79
      35      61      82
      37      66      87
      39      67      90
      48      76      97
      45      75      95
      50      80      99
      49      79     101
      55      85     106
      58      89     109
      56      92     110
      64      99     115
      64     100     117
      65     104     121
      75     114     126
      73     113     125
      76     117     129
      75     117     130
      80     121     135
      78     128     134
      86     132     141
      84     134     141
      90     140     147
      89     140     147
      92     145     152
      92     145     152
      99     153     160
     103     156     162
     103     160     163
     107     167     170
     111     168     172
     113     170     175
     117     177     179
     116     177     179
     122     183     185
     121     182     184
     127     190     193
     128     195     191
     131     198     193
     133     203     198
     135     206     201
     137     209     204
     141     215     207
     144     220     213
     147     223     216
     152     227     218
     150     228     219
     152     230     219
     151     229     218
     147     226     208
     144     222     208
     141     221     193
     137     220     192
     138     218     190
     134     215     185
     132     212     181
     126     211     168
     121     205     163
     120     205     155
     118     201     151
     112     197     142
     112     196     140
     107     192     131
     106     191     129
     102     187     123
     101     185     118
      95     181     114
      93     179     104
      90     175     103
      88     173      95
      87     170      90
      82     166      84
      77     162      81
      78     161      76
      71     157      67
      71     156      66
      65     151      55
      65     149      54
      64     147      47
      61     146      47
      67     148      37
      74     153      44
      78     156      31
      85     163      36
      85     163      30
      96     168      26
      96     168      28
     106     174      15
     109     179      23
     119     182      10
     123     186      11
     135     193       3
     136     195       1
     146     200       5
     149     200       0
     155     206       2
     159     205       0
     167     211       0
     176     215       0
     182     221       2
     189     223       2
     195     225       2
     198     230       0
     210     232       1
     216     237       1
     222     240       0
     230     245       5
     233     246       0
     238     249       4
     244     255       1
     255     255       0
     255     251       2
     255     249       0
     255     240       4
     255     233       0
     255     228       2
     255     218       0
     255     216       0
     255     206       0
     255     202       2
     255     190       0
     255     187       2
     255     178       0
     255     175       4
     255     168       0
     255     162       2
     255     157       0
     255     146       0
     255     144       0
     255     137       2
     255     132       2
     255     127       3
     255     118       0
     255     117       1
     255     109       1
     255     102       0
     255      99       4
     251      94       0
     246      91       4
     241      84       1
     237      79       2
     232      73       0
     227      70       3
     220      63       0
     216      63       5
     213      56       0
     208      53       2
     202      47       0
     196      39       0
     191      37       0
     185      33       6
     184      31       6
     182      32       7
     174      30       4
     171      29       3
     159      30       9
     160      29       8
     157      33      13
     153      28       7
     150      30       9
     139      27       9
     139      26       9
     127      26       7
     129      27       7
     122      25       7
     122      29      13
     116      23       7
     111      26      12
     109      21       7
      99      23       9
      99      23       9
      94      23      10
      89      18       7
      81      25      15
      77      19      10
      78      24      15
      72      17       9
      70      19      12
      60      18       9
      59      16       9
      55      18      11
      53      17      11
      49      16      11
      45      16      11
      39      11       7
      34      14       8
      36      13       9
      27      12       8
      31      15      10
      24      10       7
      24      13      12
      18       9       5
      16       9       5
      15       8       5
      17      11       8
      11       8       3
      17      11       9
      11       4       4
      13       8       6
       9       6       4
       9       1       0
       9       6       4
       9       4       2
       8       5       2
       7       5       2
       3       2       0
       0       1       0
       1       1       1
       0       0       0
