       8       8       8
       9       9       9
      20      20      20
       9       9       9
      20      20      20
      10      10      10
      18      18      18
      17      17      17
      11      11      11
      20      20      20
      19      19      19
      19      19      19
      10      10      10
      12      12      12
      21      21      21
      33      33      32
      27      27      27
      33      33      33
      26      26      26
      29      29      29
      38      38      37
      35      35      34
      31      31      31
      32      32      31
      38      38      37
      30      30      30
      29      29      29
      37      37      36
      29      29      29
      32      32      31
      40      41      41
      40      40      39
      50      50      50
      47      47      46
      40      44      45
      41      41      41
      48      48      48
      42      42      41
      40      40      39
      48      48      48
      41      47      50
      43      43      42
      39      39      39
      47      47      46
      52      52      51
      51      51      49
      42      42      41
      43      43      43
      42      42      41
      50      50      50
      40      40      39
      52      52      52
      52      52      52
      54      56      56
      51      52      52
      59      59      59
      67      67      67
      65      65      65
      63      63      63
      67      67      67
      65      65      65
      68      68      68
      66      66      66
      61      61      61
      71      73      71
      69      70      69
      70      70      70
      72      72      72
      75      76      75
      68      69      68
      69      70      69
      72      73      71
      74      74      74
      83      83      83
      87      87      87
      95      95      92
      91      91      91
      91      91      91
      98      98      98
      95      95      95
      97      97      97
      99      99      99
     102     104     102
     104     104     104
      99      99     100
     103     103     101
      98      98      99
     102     103     101
     100     101     100
     110     110     110
     121     121     121
     122     122     122
     122     122     122
     119     119     119
     119     119     119
     123     123     123
     122     122     122
     116     116     116
     124     124     124
     129     129     129
     124     124     124
     126     126     125
     125     125     125
     126     126     126
     130     130     130
     126     126     126
     126     126     126
     138     138     138
     144     144     144
     154     154     155
     153     154     154
     147     148     148
     154     154     154
     152     153     154
     153     154     154
     152     153     154
     154     155     155
     150     151     153
     152     153     154
     153     154     155
     150     151     152
     150     152     152
     160     160     160
     162     162     162
     157     157     157
     155     155     155
     157     157     157
     162     162     162
     156     156     156
     161     161     161
     159     159     159
     164     164     164
      41      41      41
     161     161     161
      33      33      33
     171     171     171
     177     177     177
     172     172     172
     173     173     173
     176     176     176
     176     176     176
     175     175     175
     180     180     180
     180     180     180
     179     179     179
     183     183     182
     178     178     178
     179     179     178
     179     179     178
     180     180     180
     184     184     184
     196     196     196
     110     222     222
       0     247     251
       0     228     240
       0     210     230
       0     192     220
       0     177     212
       0     159     202
       0     140     192
       0     129     185
       0     112     176
       0      94     167
       0      77     157
       0      62     150
       0      51     143
       0      30     131
       0      16     123
       0       0     114
       0      20     105
       0      42      96
       0      53      90
       0      64      85
       0      84      77
       0     105      67
       0     117      62
       0     128      57
       0     148      48
       0     169      38
       0     180      33
       0     189      29
       0     236       8
       0     246       4
      24     255       0
      38     255       0
      51     255       0
      77     255       0
     101     255       0
     114     255       0
     128     255       0
     153     255       0
     178     255       0
     191     255       0
     204     255       0
     229     255       0
     254     255       0
     255     229       0
     255     193       0
     255     178       0
     255     152       0
     255     128       0
     255     115       0
     255     101       0
     255      76       0
     255      52       0
     255      39       0
     255      25       0
     247       0       0
     231       0       0
     203       0       0
     180       0       0
     170       0       0
     153       0       0
     127       0       0
      92       0       0
      77       0       0
      50       0       0
      26       0       0
      14       0       0
      22      22      22
      23      23      23
      51      51      51
      64      64      64
      72      72      71
     229     229     229
      17      18      17
     104     106     103
     107     108     107
     125     125     125
     133     133     133
     151     153     153
     151     152     153
     173     173     173
     178     178     178
     201     201     201
     214     214     213
     231     233     230
     241     119     196
     235     108     191
     222      94     183
     216      89     180
     211      83     177
     200      72     170
     209      81     175
     201      74     171
     191      64     165
     184      57     161
     178      51     157
     158      30     145
     169      42     152
     172      45     154
     145      17     138
     160      33     147
     149      21     140
     132       5     130
     129       2     128
