     254     255     116
     255     255     107
     254     255      99
     255     254      91
     255     255      81
     255     255      73
     254     255      63
     255     254      56
     255     255      46
     255     254      37
     254     254      25
     255     255      19
     255     254      11
     255     249      22
     189     121      72
     124       6     114
     137       7     134
     144      16     136
     152      25     142
     160      32     145
     167      39     149
     175      48     153
     183      56     161
     190      64     164
     199      71     169
     207      79     172
     215      88     177
     223      95     183
     231     104     185
     237     111     192
     250     119     197
     247     131     197
     238     189     218
     227     223     225
     209     209     209
     192     192     192
     177     177     177
     161     161     161
     146     146     146
     129     129     129
     114     114     114
      98      98      98
      82      82      82
      67      67      67
      51      51      51
      35      37      36
      20      18      19
       3       3       3
      11       0       0
      26       0       0
      44       0       1
      58       0       0
      76       0       0
      91       0       0
     106       0       0
     124       0       1
     138       0       0
     154       0       0
     170       0       0
     183       0       0
     201       0       1
     216       0       0
     233       0       0
     245       1       0
     253       9       0
     254      25       2
     254      39       1
     254      55       0
     253      73       0
     255      88       0
     254     103       0
     253     120       0
     255     136       0
     255     153       0
     254     168       0
     254     185       0
     254     200       0
     254     218       1
     255     233       0
     254     249       1
     248     254       1
     231     255       1
     215     254       0
     199     254       1
     183     255       0
     167     254       1
     151     255       2
     137     254       0
     121     254       1
     104     255       1
      90     254       2
      73     255       1
      58     253       0
      42     254       2
      25     254       1
      11     254       0
       2     248       3
       0     235       9
       1     222      14
       0     207      21
       1     194      26
       1     182      34
       1     167      40
       1     153      46
       1     140      54
       0     126      58
       1     112      64
       0     100      69
       0      85      77
       1      73      83
       1      57      90
       1      44      96
       0      30     100
       0      17     109
       1       4     113
       0       1     114
       1      13     123
       0      30     132
       2      45     140
       0      62     149
       0      78     158
       1      93     168
       1     109     174
       0     125     184
       2     141     192
       0     158     201
       0     174     211
       0     188     219
       0     206     228
       0     220     236
       2     237     245
      31     241     244
     172     206     206
     195     195     195
     194     194     194
     192     191     194
     190     190     189
     189     189     189
     188     188     188
     186     186     186
     184     184     184
     182     182     182
     181     181     181
     179     179     179
     177     177     177
     176     176     176
     174     174     174
     172     172     172
     171     171     171
     170     170     170
     168     168     168
     166     166     166
     165     165     165
     163     163     163
     161     161     161
     160     160     160
     158     158     158
     157     157     157
     155     155     155
     153     153     153
     152     152     152
     150     150     150
     149     149     149
     147     147     147
     146     146     146
     144     144     144
     142     142     142
     141     141     141
     139     139     139
     137     137     137
     136     136     136
     135     135     135
     133     133     133
     130     130     130
     130     130     130
     128     128     128
     126     126     126
     125     125     125
     123     123     123
     121     121     121
     120     120     120
     118     118     118
     116     116     116
     115     115     115
     113     113     113
     112     112     112
     110     110     110
     109     109     109
     107     107     107
     105     105     105
     104     104     104
     102     102     102
     101     101     101
      99      99      99
      97      97      97
      95      95      95
      94      94      94
      93      93      93
      91      91      91
      89      89      89
      88      88      88
      86      86      86
      85      85      85
      83      83      83
      81      81      81
      80      80      80
      78      78      78
      76      76      76
      75      75      75
      73      73      73
      72      72      72
      71      71      71
      69      69      69
      67      67      67
      65      65      65
      64      64      64
      62      62      62
      60      60      60
      59      59      59
      57      57      57
      56      56      56
      54      54      54
      53      53      53
      51      51      51
      49      49      49
      48      48      48
      46      46      46
      45      45      45
      43      43      43
      41      41      41
      40      40      40
      38      38      38
      36      36      36
      35      35      35
      33      33      33
      31      31      31
      30      30      30
      29      29      29
      27      27      27
      25      25      25
      24      24      24
      22      22      22
      20      20      20
      18      18      18
      17      17      17
      15      15      15
      14      14      14
      13      13      13
      11      11      11
       9       9       9
       8       8       8
       6       6       6
       4       4       4
       3       3       3
       1       1       1
       0       0       0
