     100     100     100
     106     106     106
     113     113     113
     120     120     120
     126     126     126
     133     133     133
     140     140     140
     146     146     146
     152     152     152
     158     158     158
     163     163     163
     169     169     169
     174     174     174
     180     180     180
     185     185     185
     191     191     191
     193     193     193
     195     195     195
     198     198     198
     200     200     200
     203     203     203
     205     205     205
     207     207     207
     210     210     210
     212     212     212
     215     215     215
     217     217     217
     220     220     220
     222     222     222
     225     225     225
     228     228     228
     224     231     223
     220     234     218
     217     238     213
     213     241     208
     210     244     204
     206     248     199
     202     251     194
     199     252     190
     197     252     188
     194     251     185
     192     250     183
     189     250     180
     187     249     178
     184     248     175
     182     248     173
     174     247     166
     166     246     159
     159     245     152
     151     244     145
     144     244     138
     136     243     131
     128     242     124
     120     239     117
     112     235     110
     104     230     103
      96     225      97
      88     221      90
      80     216      83
      72     211      76
      64     207      70
      61     203      66
      58     199      63
      55     195      59
      52     191      56
      49     187      52
      46     183      49
      43     179      45
      41     176      43
      39     174      41
      37     171      40
      35     168      38
      34     165      36
      32     163      35
      30     160      33
      29     158      32
      28     150      55
      28     143      78
      28     136     101
      28     128     124
      28     121     148
      28     113     171
      28     106     194
      29     104     207
      31     108     211
      34     112     215
      36     116     219
      39     121     224
      41     125     228
      44     129     232
      47     133     236
      49     135     236
      51     138     237
      54     140     237
      56     143     238
      59     145     239
      61     148     240
      63     150     240
      66     152     241
      68     154     241
      71     156     241
      73     158     241
      76     161     241
      78     163     241
      81     165     241
      84     167     242
      89     169     242
      94     172     243
      99     174     243
     104     177     244
     109     179     245
     114     182     246
     119     184     246
     125     189     247
     133     196     247
     141     203     247
     149     211     247
     158     218     248
     166     225     248
     174     232     248
     182     240     249
     191     241     249
     201     243     250
     211     245     251
     220     247     252
     230     249     252
     240     251     253
     250     253     254
     253     252     251
     251     247     245
     249     242     239
     247     238     233
     245     233     227
     243     228     221
     241     223     215
     239     219     210
     233     211     202
     228     203     194
     222     195     186
     217     187     178
     211     179     170
     206     171     162
     200     163     154
     196     158     149
     194     155     146
     191     153     144
     189     150     141
     186     147     138
     184     145     136
     181     142     133
     179     140     131
     173     134     125
     168     129     120
     163     124     115
     157     118     109
     152     113     104
     147     108      99
     141     102      93
     146     109      96
     162     129     107
     177     149     118
     192     169     129
     208     188     140
     223     208     151
     238     228     162
     254     248     174
     253     245     167
     252     242     160
     252     239     154
     251     236     147
     251     234     141
     250     231     134
     250     228     128
     250     224     121
     250     219     114
     251     214     107
     251     210     101
     251     205      94
     252     200      87
     252     195      80
     253     191      74
     252     186      69
     252     182      64
     252     178      60
     252     173      55
     252     169      51
     252     165      46
     252     161      42
     251     151      39
     251     137      37
     251     123      36
     251     109      35
     251      94      33
     251      80      32
     251      66      31
     251      52      30
     247      48      29
     243      44      28
     239      41      27
     235      37      26
     231      34      26
     227      30      25
     223      26      24
     219      23      23
     215      21      22
     211      19      22
     207      17      21
     202      15      20
     198      13      20
     194      11      19
     190      10      19
     186       9      18
     182       9      18
     179       9      17
     175       8      17
     172       8      17
     168       8      16
     164       8      16
     166      22      31
     174      50      63
     182      78      95
     189     106     126
     197     135     158
     204     163     189
     212     191     221
     220     220     253
     212     209     252
     204     199     252
     196     189     252
     188     178     251
     180     168     251
     172     158     251
     164     148     251
     156     140     248
     150     134     244
     143     128     239
     137     122     235
     131     117     230
     124     111     226
     118     105     221
     112     100     217
     106      95     214
     101      90     211
      96      86     208
      91      81     205
      85      77     202
      80      72     200
      75      68     197
      72      64     194
      70      62     192
      68      59     189
      66      57     187
      65      54     184
      63      52     182
      61      49     179
      60      47     177
