     255      73     166
     255      74     166
     255      74     166
     255      77     169
     255      78     170
     255      78     170
     255      78     170
     255      78     170
     255      77     169
     255      77     169
     255      79     170
     255      80     172
     255      81     173
     255      82     173
     255      81     174
     255      82     172
     255      83     172
     255      87     175
     255      87     177
     255      86     176
     255      86     177
     255      87     175
     255      87     176
     255      87     175
     255      88     176
     255      89     177
     255      92     179
     255      93     180
     255      94     181
     255      95     181
     255      95     182
     255      94     181
     255      94     180
     255      94     181
     255      94     183
     255      96     184
     255     100     185
     255     103     185
     255     106     188
     255     108     191
     255     110     192
     255     111     192
     255     111     191
     255     112     192
     255     111     192
     255     110     192
     255     111     193
     255     111     192
     255     112     191
     255     114     191
     255     118     196
     255     122     200
     255     122     200
     255     122     200
     255     122     200
     255     122     200
     255     122     198
     255     123     199
     255     122     201
     255     122     201
     255     128     205
     255     134     207
     255     136     204
     255     135     203
     255     135     203
     255     137     203
     255     140     206
     255     145     209
     255     148     210
     255     147     210
     255     147     210
     255     147     210
     255     147     210
     255     148     210
     255     147     209
     255     146     210
     255     147     211
     255     149     210
     255     153     210
     255     159     213
     255     161     215
     255     162     216
     255     162     216
     255     162     216
     255     162     216
     255     162     216
     255     163     216
     255     162     216
     255     160     215
     255     160     215
     255     167     221
     255     175     224
     255     179     224
     255     181     224
     255     180     224
     255     180     224
     255     180     224
     255     180     224
     255     180     224
     255     178     222
     255     179     224
     255     183     227
     255     192     232
     255     197     232
     255     199     233
     255     198     234
     255     198     234
     255     198     233
     255     199     233
     255     197     233
     255     197     234
     255     199     231
     255     205     233
     255     214     241
     255     220     239
     254     220     238
     253     218     237
     254     218     237
     254     218     237
     254     218     238
     255     219     236
     255     219     237
     253     219     239
     247     228     239
     242     239     242
     240     245     242
     238     245     241
     240     243     241
     239     244     242
     239     246     242
     236     246     244
     233     244     244
     226     240     247
     220     236     248
     217     236     251
     219     237     251
     219     236     249
     219     235     250
     217     238     249
     218     235     249
     221     237     250
     222     236     251
     217     235     250
     212     235     250
     204     235     254
     198     228     253
     196     228     255
     199     229     255
     198     229     255
     198     228     255
     199     230     255
     199     229     255
     198     230     255
     192     228     255
     188     225     255
     180     222     255
     176     221     255
     182     221     255
     180     220     255
     178     221     255
     168     216     255
     161     213     255
     160     213     255
     159     213     255
     161     212     255
     159     212     255
     159     213     255
     160     212     255
     160     212     255
     159     212     255
     158     214     255
     156     211     255
     148     207     255
     142     206     255
     142     205     255
     142     205     255
     142     205     255
     140     204     255
     140     204     255
     141     205     255
     141     207     255
     139     205     255
     131     201     255
     123     197     255
     120     195     255
     122     196     255
     123     197     255
     120     196     255
     117     193     255
     109     189     255
     106     187     255
     107     187     255
     108     188     255
     107     188     255
     105     187     255
     106     188     255
     107     188     255
     106     188     255
     107     190     255
     105     188     255
      98     185     253
      92     183     253
      90     182     255
      87     183     255
      88     183     255
      91     183     255
      90     183     255
      87     183     255
      88     183     255
      91     183     255
      91     183     255
      86     182     255
      76     180     255
      70     177     255
      73     176     255
      71     176     255
      73     176     255
      73     175     255
      67     174     255
      60     172     255
      53     169     255
      57     168     255
      62     167     255
      61     168     255
      57     167     255
      59     167     255
      58     168     255
      59     168     255
      62     168     255
      61     168     255
      54     167     255
      40     166     255
      38     164     255
      35     164     255
      35     164     255
      34     163     255
      30     161     255
      23     159     255
      13     160     255
       3     158     255
       2     156     255
       3     155     255
       3     153     255
       3     151     255
       3     151     255
       3     152     255
       3     154     255
       3     152     255
       3     151     255
       3     150     255
       3     149     255
       3     149     255
       3     150     255
       3     150     255
       3     150     255
       0       0       0
