       1       5      70
       7      24      99
      14      52     129
      22      67     159
      30      82     189
      38      97     218
      46     111     248
      54     126     252
      61     139     250
      68     152     244
      74     163     235
      81     173     224
      87     183     213
      94     192     200
     100     200     187
     106     207     174
     111     214     161
     117     220     148
     122     225     136
     127     230     124
     133     234     113
     138     238     103
     142     241      94
     147     244      85
     152     246      77
     156     248      70
     160     249      63
     164     250      57
     168     251      51
     172     252      46
     176     253      41
     180     253      36
     183     252      33
     186     252      29
     190     251      26
     193     250      23
     196     248      20
     199     247      18
     202     245      16
     205     243      14
     207     241      12
     210     239      11
     212     237      10
     214     235       9
     217     233       8
     219     230       7
     221     228       6
     223     225       5
     225     223       4
     227     220       4
     229     217       3
     231     214       3
     232     211       3
     234     208       2
     235     205       2
     237     202       2
     238     199       1
     239     196       1
     240     193       1
     241     190       1
     242     187       1
     243     184       0
     244     181       0
     245     178       0
     246     175       0
     247     171       0
     248     168       0
     248     165       0
     249     162       0
     250     159       0
     250     156       0
     251     153       0
     251     150       0
     251     148       0
     252     145       0
     252     142       0
     252     139       0
     252     136       0
     253     133       0
     253     131       0
     253     128       0
     253     125       0
     253     123       0
     253     120       0
     252     118       0
     252     115       0
     252     113       0
     252     111       0
     252     108       0
     251     106       0
     251     104       0
     251     101       0
     250      99       0
     250      97       0
     249      95       0
     249      92       0
     248      90       0
     248      88       0
     247      86       0
     247      84       0
     246      82       0
     245      80       0
     245      78       0
     244      77       0
     243      75       0
     243      73       0
     242      71       0
     241      70       0
     240      68       0
     240      66       0
     239      65       0
     238      63       0
     237      61       0
     236      60       0
     235      58       0
     235      57       0
     234      56       0
     233      54       0
     232      53       0
     231      52       0
     230      50       0
     229      49       0
     228      48       0
     227      46       0
     226      45       0
     225      44       0
     224      43       0
     223      42       0
     223      42       0
     222      41       0
     221      40       0
     220      39       0
     219      38       0
     218      37       0
     217      36       0
     216      35       0
     214      34       0
     213      33       0
     212      32       0
     211      31       0
     210      31       0
     209      30       0
     208      29       0
     207      28       0
     205      27       0
     204      27       0
     203      26       0
     202      25       0
     201      25       0
     200      24       0
     199      23       0
     197      23       0
     196      22       0
     195      21       0
     194      21       0
     193      20       0
     192      20       0
     191      19       0
     189      19       0
     188      18       0
     187      18       0
     186      17       0
     185      17       0
     184      16       0
     182      16       0
     181      15       0
     180      15       0
     179      15       0
     178      14       0
     177      14       0
     175      13       0
     174      13       0
     173      13       0
     172      12       0
     171      12       0
     170      12       0
     168      11       0
     167      11       0
     166      11       0
     165      10       0
     164      10       0
     163      10       0
     162       9       0
     161       9       0
     159       9       0
     158       9       0
     157       8       0
     156       8       0
     155       8       0
     154       8       0
     153       7       0
     152       7       0
     151       7       0
     149       7       0
     148       7       0
     147       6       0
     146       6       0
     145       6       0
     144       6       0
     143       6       0
     142       6       0
     141       5       0
     140       5       0
     139       5       0
     138       5       0
     137       5       0
     136       5       0
     135       4       0
     134       4       0
     132       4       0
     131       4       0
     130       4       0
     129       4       0
     128       4       0
     127       4       0
     126       3       0
     125       3       0
     124       3       0
     123       3       0
     122       3       0
     122       3       0
     121       3       0
     120       3       0
     119       3       0
     118       3       0
     117       2       0
     116       2       0
     115       2       0
     114       2       0
     113       2       0
     112       2       0
     111       2       0
     110       2       0
     109       2       0
     108       2       0
     108       2       0
     107       2       0
     106       2       0
     105       2       0
     104       1       0
     103       1       0
     102       1       0
     101       1       0
     101       1       0
     100       1       0
      99       1       0
      98       1       0
      97       1       0
      96       1       0
      96       1       0
      95       1       0
      94       1       0
      93       1       0
      92       1       0
      92       1       0
      92       1       0
