     121     176     243
      75     149     225
      39     132     222
      56     161     249
      87     202     253
     109     231     252
     119     248     253
     120     249     240
     107     239     216
      97     232     192
      87     229     171
      70     215     145
      64     213     124
      53     204      99
      43     198      76
      33     190      48
      25     180      26
      16     171      10
      22     172       2
      41     183       1
      75     197      10
      85     198      14
     109     202       9
     125     208       8
     139     218      10
     169     227       7
     188     233       9
     206     240       2
     227     247       3
     242     254       6
     249     252       7
     251     249       5
     255     243       3
     254     234       3
     252     229       2
     253     223       1
     254     212       1
     254     204       0
     254     196       2
     252     188       2
     249     178       2
     252     172       8
     251     167       9
     252     161       5
     255     156      10
     249     145       9
     251     137      10
     252     130       9
     248     121       2
     254     113       6
     254     103       3
     254      95       6
     254      73       6
     253      50       3
     250      34       0
     254      22       0
     250      17       1
     252      10       1
     249       6       2
     244       6       4
     235       2       5
     225       2       4
     215       3       5
     204       5       2
     214       9       5
     195       7       5
     190       5       6
     181       2       2
     177       6       8
     185      21      17
     166       6       6
     164       8       8
     159       8       8
     153       8       8
     143       5       7
     133       2       2
     126       1       0
     119       2       4
     113       0       2
     107       0       3
     104       2       5
     102       2      17
     102       4      26
     101       4      35
     101       6      43
     103       6      52
     103       8      60
     104       9      64
     104       8      69
     105       9      78
     106      11      86
     110      16      98
     110      13     104
     106      13     109
     102       9     111
     112      17     131
     112      18     137
     111      16     142
     113      22     151
     113      22     161
     113      23     170
     113      23     175
     113      24     183
     115      26     193
     114      26     199
     116      25     207
     116      26     217
     117      29     227
     119      30     234
     121      31     239
     123      33     243
     123      33     248
     124      34     252
     124      29     248
     130      37     252
     132      28     249
     137      32     251
     139      25     249
     144      27     251
     145      27     253
     149      27     254
     149      27     254
     152      25     253
     159      25     253
     162      22     252
     165      22     254
     168      19     254
     170      19     251
     174      18     249
     180      19     252
     176      13     248
     179      17     249
     187      24     251
     190      20     249
     190      14     253
     193      12     252
     195      15     254
     199      15     255
     202      14     255
     207      13     254
     211      13     254
     215      16     253
     217      13     254
     221      11     253
     223      11     252
     228       6     254
     229       4     254
     233       0     254
     236       3     254
     240       7     254
     249      15     253
     245      22     251
     239       5     243
     251      11     254
     252       8     252
     253      12     250
     253      10     253
     252       7     246
     252      11     246
     254      13     243
     253      17     239
     254      18     234
     251      21     231
     250      23     233
     254      26     231
     255      28     231
     255      31     227
     254      34     220
     253      34     214
     250      40     222
     249      37     211
     251      39     209
     245      46     210
     251      49     206
     252      49     201
     244      46     200
     249      53     198
     252      58     198
     252      62     195
     252      63     190
     252      65     188
     252      70     188
     254      72     188
     254      74     183
     254      77     180
     254      79     176
     254      81     173
     254      84     174
     249      88     163
     251      95     166
     250      92     161
     251      91     161
     253      96     162
     249      96     156
     255     101     156
     255     103     152
     254     105     149
     255     108     146
     255     112     142
     254     116     141
     255     117     138
     254     120     133
     251     122     127
     250     125     129
     253     131     131
     252     134     128
     253     134     133
     249     132     133
     246     140     138
     251     146     141
     252     143     138
     252     146     148
     251     148     146
     254     150     149
     253     154     150
     253     158     155
     254     159     158
     252     157     158
     251     159     159
     254     163     163
     253     166     165
     254     170     169
     254     174     174
     253     175     178
     253     179     182
     253     182     183
     253     186     187
     252     189     189
     253     200     200
     253     192     191
     254     195     195
     252     198     197
     254     205     205
     254     203     204
     255     206     209
     254     209     210
     254     212     214
     254     215     216
     255     219     214
     253     221     219
     254     223     223
     252     227     226
     252     227     230
     250     230     228
     253     233     231
     255     237     235
     255     239     239
     255     243     242
     252     244     243
     248     244     242
     251     252     249
     245     242     246
     253     253     253
     253     253     254
     190     186     189
       0       0       0
