     255     251     250
     252     251     249
     253     248     249
     252     242     252
     253     240     253
     255     234     255
     248     226     249
     251     225     249
     252     219     251
     252     214     251
     252     209     251
     252     204     251
     252     199     251
     252     194     251
     252     189     251
     252     183     251
     252     178     251
     252     172     251
     252     166     251
     252     160     251
     252     153     251
     252     146     250
     252     139     250
     251     132     250
     251     123     249
     249     114     248
     250     103     248
     249      92     248
     249      82     248
     247      71     248
     248      62     248
     246      52     248
     245      44     247
     243      35     249
     242      28     248
     239      21     249
     236      15     249
     233       9     248
     230       5     250
     226       2     251
     222       0     251
     218       1     250
     213       1     252
     208       1     252
     202       1     252
     196       1     252
     189       1     250
     183       1     251
     176       1     251
     170       1     252
     163       1     250
     157       1     251
     150       1     251
     143       1     251
     135       1     251
     127       1     251
     117       2     250
     108       2     250
      97       2     249
      87       5     249
      76      10     249
      67      15     249
      58      21     247
      50      28     246
      42      35     246
      35      43     246
      28      51     246
      22      61     246
      16      70     246
      12      79     247
       7      89     247
       5     100     247
       5     111     248
       5     120     248
       5     129     247
       5     136     249
       5     143     249
       4     150     250
       4     156     251
       4     162     251
       3     168     252
       3     173     253
       3     180     253
       3     185     252
       3     191     253
       3     196     253
       3     200     253
       3     205     253
       3     209     253
       3     214     253
       3     218     253
       4     223     253
       4     226     253
       7     230     253
       9     233     253
      13     236     252
      16     237     252
      21     239     250
      25     240     249
      30     240     247
      34     240     245
      40     240     242
      46     238     241
      52     236     238
      58     235     235
      64     232     232
      70     229     229
      75     225     226
      79     223     223
      84     220     219
      87     217     216
      91     213     212
      94     210     210
      97     207     206
     100     204     204
     104     200     200
     106     197     197
     108     194     193
     110     191     191
     113     187     187
     115     184     184
     118     179     180
     120     176     177
     122     172     173
     123     168     169
     126     164     164
     127     162     161
     129     159     156
     129     158     153
     131     157     151
     131     155     147
     131     156     144
     132     155     140
     130     156     138
     129     159     134
     128     160     132
     127     163     128
     126     166     126
     123     170     122
     121     173     121
     118     178     118
     115     182     115
     112     186     111
     109     190     109
     106     195     105
     104     198     103
     100     202      99
      98     205      97
      94     209      93
      91     212      89
      87     216      85
      83     219      82
      79     223      77
      75     226      72
      69     229      66
      64     231      61
      59     234      55
      57     236      50
      56     239      44
      56     241      39
      57     243      33
      58     244      29
      61     247      23
      64     248      19
      69     249      15
      73     251      12
      81     250       9
      88     252       8
      97     252       6
     106     252       5
     118     252       4
     128     253       5
     136     252       5
     145     252       5
     152     252       5
     160     252       5
     168     252       5
     175     252       6
     182     252       5
     189     251       6
     195     251       7
     201     251       8
     207     251      10
     213     251      10
     218     251      10
     223     251      10
     228     251      10
     232     249      10
     236     249       9
     240     247       9
     242     246       9
     245     244       9
     246     242       9
     249     239       8
     249     237       8
     251     233       7
     252     230       5
     252     225       7
     252     221       7
     252     216       7
     252     211       7
     252     206       7
     252     201       8
     252     196       8
     252     191       8
     251     185       7
     252     179       7
     252     173       7
     252     167       7
     252     161       7
     252     156       5
     252     148       6
     252     141       5
     252     133       5
     252     126       5
     252     117       5
     251     105       3
     251      97       6
     249      91      10
     250      86      15
     249      81      21
     249      80      28
     249      77      35
     248      78      42
     248      78      51
     248      79      59
     248      83      69
     248      87      78
     249      93      89
     249     100      99
     248     110     110
     250     120     121
     251     129     129
     251     136     137
     252     144     144
     252     150     151
     253     157     157
     253     163     164
     253     170     170
     253     175     176
     253     181     182
     253     187     187
     253     192     193
     253     197     198
     253     202     203
     253     206     208
     253     211     214
     253     216     218
     253     221     223
     254     224     229
     254     230     234
     254     233     235
     253     236     243
     253     243     247
     254     249     243
     255     253     253
