      23      36     109
      28      43     139
      36      55     172
      46      69     190
      49      76     188
      46      74     188
      38      68     186
      35      71     191
      38      78     198
      38      80     200
      36      77     198
      42      84     202
      49      94     207
      48      97     211
      41      90     209
      37      91     213
      39      98     219
      40     102     224
      38      99     222
      40     103     224
      47     111     228
      49     116     233
      43     113     232
      38     114     236
      41     121     242
      43     127     247
      41     125     248
      40     124     247
      45     128     247
      49     133     248
      46     133     250
      41     133     250
      44     140     251
      49     147     251
      47     147     252
      43     144     251
      45     145     252
      50     149     252
      49     152     253
      44     151     253
      47     158     253
      54     165     253
      54     168     253
      48     165     253
      45     164     252
      47     165     252
      48     169     253
      45     170     253
      49     176     254
      57     183     254
      60     187     255
      54     186     255
      48     183     255
      47     183     255
      50     186     255
      49     188     255
      54     193     255
      65     198     255
      72     201     255
      69     201     255
      62     199     255
      62     201     255
      68     205     255
      80     211     255
      87     214     255
      87     215     255
      80     213     255
      80     215     255
      84     218     255
      95     224     255
     102     227     255
     105     229     255
      99     228     255
      99     230     254
     104     233     254
     108     235     254
     106     235     255
     108     235     252
     114     235     249
     118     235     244
     114     235     244
     112     235     239
     116     235     233
     120     234     227
     118     234     227
     117     235     228
     120     236     225
     124     236     221
     123     236     218
     121     235     216
     125     235     209
     130     235     205
     130     236     201
     127     235     202
     128     236     201
     131     236     199
     132     236     195
     131     236     191
     134     235     185
     139     235     183
     141     235     179
     137     235     177
     137     236     176
     140     236     176
     144     237     175
     144     237     172
     149     238     172
     156     240     174
     161     242     174
     159     241     173
     156     241     170
     157     241     170
     160     243     170
     162     243     169
     167     243     168
     175     245     170
     180     246     172
     181     247     170
     178     246     167
     177     247     166
     178     247     167
     182     248     165
     186     249     164
     194     251     166
     200     252     168
     202     253     168
     199     253     165
     201     253     161
     204     253     159
     210     252     158
     212     251     160
     214     250     158
     212     250     155
     213     249     150
     215     248     147
     220     246     145
     222     246     147
     224     245     147
     223     245     143
     224     243     138
     227     242     135
     230     240     133
     230     240     132
     229     241     132
     231     240     134
     233     240     134
     234     239     131
     235     238     126
     238     237     123
     240     236     123
     241     235     121
     239     235     120
     240     234     120
     242     233     122
     243     230     120
     242     228     116
     243     225     114
     245     223     115
     246     220     113
     245     220     110
     244     219     109
     244     220     111
     245     217     111
     246     215     106
     248     211     103
     250     209     105
     251     207     105
     250     206     101
     250     204      97
     250     205      98
     252     204     100
     251     200      96
     251     197      93
     253     195      95
     254     194      98
     255     192      94
     255     190      88
     255     188      87
     255     188      90
     255     186      87
     255     185      84
     255     185      86
     255     186      91
     255     184      90
     255     182      84
     255     180      79
     255     181      79
     255     179      78
     255     177      76
     255     175      79
     255     176      85
     255     176      86
     255     174      80
     255     171      73
     255     168      70
     255     166      72
     255     168      77
     255     169      79
     255     166      74
     255     163      69
     255     162      70
     255     163      74
     255     162      73
     255     162      72
     255     166      81
     255     170      89
     255     170      90
     255     167      84
     255     168      88
     255     171      94
     255     172      97
     255     170      94
     255     172      97
     255     175     104
     255     177     107
     255     175     104
     255     175     107
     255     179     114
     255     181     119
     255     179     116
     255     179     115
     255     181     121
     255     184     126
     255     182     124
     255     183     126
     255     188     135
     255     192     143
     255     190     141
     255     188     138
     255     190     142
     255     194     147
     255     196     151
     255     198     155
     255     205     168
     255     210     178
     255     213     182
     255     211     178
     255     211     178
     255     212     181
     255     216     187
     255     218     191
     255     225     203
     255     230     212
     255     234     219
     255     233     217
     255     232     215
     255     231     214
     255     234     220
     255     238     227
     255     240     239
     255     244     244
     255     246     246
     255     248     248
     255     250     250
     255     252     252
     255     255     255
