       3       4      87
       3       3      90
       4       3      95
       4       1      98
       4       3     100
       4       4     103
       5       3     108
       3       2     111
       4       4     116
       3       4     120
       4       4     125
       4       2     129
       5       3     133
       5       3     136
       2       4     141
       1       2     145
       3       2     149
       4       4     153
       4       3     157
       4       2     161
       3       2     165
       4       3     167
       4       2     171
       3       3     174
       4       4     178
       3       4     181
       3       4     186
       3       5     188
       5       9     192
       8      12     195
      10      14     198
      12      16     198
      14      20     201
      15      23     202
      19      27     203
      21      29     206
      24      33     209
      25      36     211
      28      40     210
      29      42     212
      32      45     215
      34      46     216
      37      50     218
      35      53     218
      38      57     221
      40      60     223
      43      64     225
      44      65     225
      47      69     226
      48      72     227
      52      76     230
      55      79     230
      57      83     233
      58      85     234
      59      89     236
      61      91     237
      66      96     242
      67      98     242
      70     102     242
      71     104     243
      73     108     244
      75     110     244
      77     114     247
      80     117     249
      82     121     252
      83     124     254
      87     128     255
      89     131     253
      93     135     254
      95     137     253
      98     141     253
     100     144     253
     104     147     252
     107     149     250
     110     152     252
     112     155     253
     115     157     251
     117     158     253
     121     162     251
     124     165     252
     127     168     253
     129     170     254
     131     173     252
     134     175     254
     137     178     253
     139     181     253
     142     182     254
     147     187     254
     150     190     254
     154     194     254
     154     198     252
     155     201     251
     157     202     252
     161     205     252
     164     206     252
     168     209     253
     170     210     254
     175     213     252
     178     214     253
     181     217     253
     179     220     253
     183     221     252
     186     223     252
     190     225     253
     193     227     253
     197     227     252
     199     228     250
     203     231     252
     206     231     252
     209     232     254
     211     233     255
     215     236     255
     218     237     253
     222     240     254
     225     240     254
     229     243     254
     232     245     254
     236     244     251
     240     247     254
     245     250     255
     249     253     255
     254     255     255
     254     253     253
     253     254     254
     255     254     252
     255     252     248
     255     251     245
     255     248     240
     254     246     236
     253     243     231
     253     241     228
     253     240     224
     255     238     222
     255     235     217
     255     233     213
     254     232     208
     254     230     205
     253     228     200
     254     226     198
     251     225     196
     253     223     192
     251     223     189
     252     221     186
     252     218     183
     252     217     180
     251     216     177
     252     214     175
     253     211     171
     254     209     170
     254     206     166
     254     203     164
     253     201     161
     253     199     158
     252     196     155
     252     194     152
     251     190     148
     254     187     145
     255     183     141
     254     181     140
     254     177     135
     254     175     134
     254     171     131
     253     170     129
     252     167     126
     253     165     125
     253     162     120
     255     160     117
     255     157     114
     252     154     111
     253     151     108
     254     149     107
     254     146     104
     254     143     100
     252     141      98
     254     138      94
     255     137      91
     255     132      88
     255     131      86
     254     127      84
     252     125      82
     252     121      79
     250     119      77
     249     115      74
     249     113      73
     245     108      69
     243     104      67
     241     101      65
     239      99      64
     239      95      61
     236      93      59
     236      88      58
     235      85      56
     232      81      52
     231      79      51
     228      74      49
     227      72      48
     224      68      45
     223      65      42
     221      61      40
     219      59      39
     219      56      36
     218      53      36
     215      49      33
     213      46      30
     210      42      27
     209      39      26
     206      35      22
     204      32      21
     203      29      18
     203      26      17
     203      21      14
     201      18      12
     197      15      10
     195      12       8
     198       8       6
     197       6       4
     193       5       4
     191       3       3
     187       4       3
     185       3       5
     181       4       6
     178       4       4
     174       3       4
     170       4       3
     166       3       3
     164       2       3
     160       2       3
     157       3       2
     153       4       3
     150       3       4
     146       4       3
     144       4       4
     140       3       4
     138       3       2
     133       3       2
     130       4       3
     127       3       6
     125       4       5
     120       4       5
     117       3       4
     114       4       4
     112       4       3
     107       2       3
     106       4       4
     101       5       3
      98       3       4
      95       3       5
      93       3       5
      89       7       5
      92       6       4
      91       5       2
      89       5       1
      94       1       5
      90       2       5
      78       8       5
      70       5       5
