     254     244     239
     254     243     238
     254     243     237
     254     242     236
     254     241     235
     254     240     234
     254     240     233
     254     239     232
     254     239     231
     254     238     230
     254     237     229
     254     236     228
     254     236     227
     254     235     226
     254     235     225
     254     234     224
     254     233     223
     254     233     223
     254     233     223
     254     232     221
     254     231     220
     254     230     219
     254     230     219
     254     229     217
     254     228     216
     254     227     215
     254     227     215
     254     226     213
     254     225     212
     254     225     211
     254     225     211
     253     223     209
     253     222     208
     253     221     206
     253     220     205
     253     219     204
     253     219     203
     253     217     201
     253     215     199
     253     214     197
     253     213     195
     253     212     193
     253     211     192
     253     210     191
     253     209     191
     253     207     188
     253     206     186
     252     205     184
     252     204     183
     252     202     181
     252     201     180
     252     200     179
     252     200     179
     252     198     177
     252     197     174
     252     195     172
     252     194     171
     252     193     169
     252     192     168
     252     191     167
     252     191     166
     252     189     164
     252     187     162
     251     186     160
     251     185     159
     251     183     157
     251     182     156
     251     181     154
     251     180     153
     251     178     151
     251     177     150
     251     176     148
     251     175     147
     251     174     146
     251     173     145
     251     171     143
     251     169     141
     251     168     139
     251     167     138
     251     165     136
     251     164     135
     251     163     133
     251     162     132
     251     160     130
     251     159     129
     251     158     128
     251     157     126
     251     156     125
     251     154     123
     251     153     122
     251     153     122
     251     151     120
     251     149     117
     251     148     116
     251     146     114
     251     145     113
     251     144     112
     251     143     111
     251     141     109
     251     140     108
     251     139     107
     251     138     106
     251     136     104
     251     135     103
     251     134     102
     251     133     101
     251     132     100
     251     131      99
     251     129      97
     251     128      96
     251     126      94
     251     125      93
     251     124      92
     251     123      91
     251     121      89
     251     120      88
     251     119      87
     251     118      86
     251     116      84
     251     115      83
     251     114      82
     251     113      81
     251     112      80
     251     111      79
     251     109      77
     251     108      76
     251     106      74
     250     105      73
     250     103      72
     249     102      71
     249     100      70
     248      99      69
     248      97      68
     248      96      67
     248      94      66
     247      93      65
     247      91      65
     246      90      64
     246      89      63
     245      88      62
     245      86      61
     245      85      60
     245      83      59
     244      82      58
     244      80      57
     243      79      56
     243      77      55
     242      76      54
     242      74      53
     242      73      52
     242      72      52
     241      71      51
     241      69      49
     240      67      48
     240      65      48
     239      64      47
     239      62      46
     239      61      45
     239      59      44
     238      58      43
     237      57      43
     236      56      42
     234      55      42
     233      54      41
     232      52      41
     231      51      40
     230      50      40
     229      49      39
     228      48      39
     227      47      38
     226      46      38
     224      45      37
     223      44      37
     222      43      36
     221      42      36
     220      40      35
     219      39      35
     218      38      34
     217      37      34
     215      36      33
     214      35      33
     213      34      33
     213      34      33
     212      33      32
     211      31      31
     209      29      31
     208      28      31
     206      27      30
     205      26      30
     204      25      29
     203      24      29
     202      23      28
     201      23      28
     199      22      28
     198      22      28
     197      22      27
     196      22      27
     195      21      27
     194      21      27
     192      21      26
     191      21      26
     190      20      26
     189      20      26
     187      20      25
     186      20      25
     185      19      25
     184      19      25
     183      18      24
     182      18      24
     180      18      24
     179      18      24
     178      17      23
     177      17      23
     176      17      23
     175      17      23
     174      16      22
     173      16      22
     171      16      22
     170      16      22
     168      15      21
     167      15      21
     166      15      21
     165      15      21
     164      14      20
     162      14      20
     160      13      20
     158      13      20
     156      12      19
     154      12      19
     152      11      19
     150      11      19
     148      10      18
     146      10      18
     144       9      18
     142       9      18
     140       8      17
     139       8      17
     137       7      17
     135       7      17
     133       6      16
     131       6      16
     129       5      16
     127       5      16
     125       4      15
     123       4      15
     121       4      15
     120       4      15
     119       3      14
     116       2      14
     113       1      14
     111       1      14
     109       0      13
     107       0      13
     105       0      12
     104       0      12
     103       0      12
