     255     254     202
     255     253     200
     255     253     199
     255     252     198
     255     252     197
     255     251     195
     255     251     194
     255     250     192
     255     249     191
     255     248     189
     255     248     188
     255     247     187
     255     247     186
     255     246     184
     255     246     183
     255     245     181
     255     245     180
     255     244     179
     255     244     179
     255     243     177
     255     243     175
     255     242     174
     255     242     173
     255     241     171
     255     240     169
     255     240     168
     255     240     168
     255     239     165
     255     238     163
     255     238     162
     255     238     162
     254     237     160
     254     236     158
     254     235     156
     254     235     155
     254     234     154
     254     234     154
     254     233     152
     254     232     150
     254     231     148
     254     231     147
     254     230     146
     254     230     145
     254     229     144
     254     229     144
     254     228     142
     254     227     140
     254     226     138
     254     226     137
     254     225     135
     254     225     134
     254     224     133
     254     224     133
     254     223     131
     254     222     129
     254     221     127
     254     221     126
     254     220     125
     254     219     124
     254     219     123
     254     219     122
     254     218     120
     254     217     118
     253     216     117
     253     215     116
     253     214     114
     253     213     113
     253     211     112
     253     210     111
     253     209     109
     253     208     108
     253     206     106
     253     205     105
     253     204     104
     253     204     104
     253     202     102
     253     200     100
     253     199      98
     253     198      97
     253     196      96
     253     195      95
     253     194      93
     253     193      92
     253     192      90
     253     191      89
     253     190      88
     253     188      87
     253     187      86
     253     186      84
     253     185      83
     253     184      83
     253     183      81
     253     181      79
     253     180      78
     253     178      76
     253     177      75
     253     176      75
     253     175      74
     253     174      74
     253     173      73
     253     171      73
     253     170      72
     253     169      72
     253     168      71
     253     167      71
     253     166      70
     253     165      70
     253     164      69
     253     162      69
     253     161      68
     253     160      68
     253     159      67
     253     157      67
     253     156      66
     253     155      66
     253     154      65
     253     153      65
     253     152      64
     253     150      64
     253     149      63
     253     148      63
     253     147      62
     253     147      62
     253     145      61
     253     143      61
     253     142      60
     253     141      60
     252     140      59
     252     138      59
     252     137      58
     252     135      58
     252     133      57
     252     131      56
     252     129      55
     252     127      55
     252     125      54
     252     123      54
     252     121      53
     252     119      53
     252     117      52
     252     115      52
     252     113      51
     252     111      51
     252     109      50
     252     107      50
     252     105      49
     252     103      48
     252     101      47
     252      99      47
     252      97      47
     252      96      47
     252      94      46
     252      91      45
     252      89      44
     252      87      44
     252      85      43
     252      83      43
     252      81      42
     252      79      42
     251      77      41
     250      75      41
     249      74      40
     249      72      40
     248      71      39
     247      69      39
     246      67      38
     246      65      38
     245      64      37
     244      62      37
     243      61      36
     242      60      36
     241      58      36
     241      56      36
     240      54      35
     239      53      35
     238      51      34
     238      50      34
     237      48      33
     236      46      33
     235      44      32
     235      43      32
     234      41      32
     234      41      32
     233      40      31
     232      37      30
     230      35      29
     230      33      29
     229      31      28
     228      30      28
     227      28      28
     227      27      28
     226      25      28
     225      24      28
     223      23      28
     222      22      28
     221      21      29
     220      21      29
     219      20      29
     218      19      29
     216      18      30
     215      18      30
     214      17      31
     213      16      31
     211      15      31
     210      14      31
     209      13      32
     208      13      32
     207      12      32
     206      11      32
     204      10      33
     203       9      33
     202       8      34
     201       8      34
     200       7      34
     199       7      34
     198       6      35
     197       5      35
     195       3      36
     194       3      36
     192       2      36
     191       1      36
     190       0      37
     189       0      37
     188       0      37
     186       0      37
     184       0      38
     182       0      38
     180       0      38
     178       0      38
     176       0      38
     174       0      38
     172       0      38
     171       0      38
     169       0      38
     167       0      38
     165       0      38
     163       0      38
     161       0      38
     159       0      38
     157       0      38
     155       0      38
     153       0      38
     151       0      38
     149       0      38
     148       0      38
     146       0      38
     145       0      38
     144       0      38
     141       0      38
     138       0      38
     136       0      38
     134       0      38
     132       0      38
     130       0      38
     129       0      38
     128       0      38
