     166       1      38
     167       2      38
     169       4      38
     171       6      38
     173       8      38
     175      10      38
     177      12      38
     179      14      38
     181      15      38
     183      17      38
     185      19      38
     187      21      38
     189      23      38
     191      25      38
     193      27      38
     195      29      38
     197      30      38
     198      31      38
     199      32      38
     202      35      38
     205      38      38
     206      39      38
     207      40      38
     210      43      38
     213      46      38
     214      47      38
     214      48      38
     216      52      40
     217      55      41
     218      56      42
     219      57      42
     221      61      44
     222      64      46
     223      67      47
     224      69      48
     225      71      49
     225      72      49
     227      75      51
     229      79      52
     230      82      54
     231      84      55
     232      86      56
     233      88      57
     234      90      58
     235      91      58
     237      94      60
     238      98      61
     239     101      62
     240     103      63
     242     106      64
     243     108      65
     244     109      66
     244     110      67
     244     114      69
     244     118      70
     245     120      72
     245     123      73
     246     125      74
     246     128      75
     246     129      76
     246     130      76
     247     134      78
     247     138      80
     248     140      81
     248     143      82
     248     145      83
     248     148      84
     249     150      86
     249     153      87
     250     155      88
     250     158      89
     251     161      90
     251     164      91
     251     165      92
     251     166      93
     252     169      95
     252     172      96
     253     175      98
     253     177     100
     253     179     102
     253     181     103
     253     183     105
     253     185     106
     253     187     108
     253     189     109
     253     191     111
     253     193     113
     253     195     114
     253     197     116
     253     198     117
     253     199     118
     253     201     120
     253     204     123
     253     207     124
     253     209     126
     253     211     127
     253     213     129
     253     215     131
     253     217     133
     253     219     134
     253     221     136
     253     222     138
     253     224     140
     254     225     142
     254     226     144
     254     227     145
     254     227     146
     254     229     148
     254     231     151
     254     232     154
     254     233     156
     254     234     158
     254     236     160
     254     237     162
     254     238     164
     254     239     166
     254     241     168
     254     242     170
     254     243     172
     254     244     174
     254     246     176
     254     247     177
     254     247     178
     254     248     180
     254     250     183
     254     251     186
     254     253     188
     253     254     188
     252     254     187
     251     253     186
     249     252     184
     248     251     182
     246     251     180
     245     250     178
     243     250     176
     242     249     174
     240     249     172
     239     248     170
     237     247     168
     236     246     166
     234     246     164
     233     245     162
     231     245     160
     230     244     158
     228     244     156
     227     243     154
     225     242     152
     224     241     150
     222     241     148
     221     240     146
     221     240     145
     219     239     143
     217     239     140
     215     238     137
     213     237     136
     211     236     135
     209     235     133
     208     234     132
     206     233     131
     204     232     130
     201     232     128
     199     231     127
     197     230     126
     195     229     125
     193     228     123
     192     227     122
     189     226     120
     187     225     119
     185     225     118
     183     224     117
     182     223     116
     180     222     114
     178     221     113
     176     220     112
     173     220     111
     171     219     109
     169     218     108
     167     217     106
     165     216     105
     163     215     105
     160     214     105
     158     213     105
     157     213     105
     155     212     104
     151     210     104
     148     208     103
     145     207     103
     143     206     103
     140     205     103
     138     204     102
     135     203     102
     133     202     102
     130     201     102
     128     200     101
     125     199     101
     123     197     100
     120     196     100
     118     195     100
     115     194     100
     113     193      99
     110     192      99
     108     191      99
     105     190      99
     103     189      98
     101     188      98
      98     186      97
      95     185      96
      92     183      95
      89     182      95
      86     180      94
      83     179      93
      80     177      92
      77     176      92
      74     174      91
      73     174      91
      71     173      90
      66     171      89
      62     169      88
      59     168      87
      56     166      86
      53     165      86
      50     163      85
      47     162      84
      44     160      83
      41     159      83
      38     157      82
      35     156      81
      32     154      80
      29     153      80
      26     151      79
      25     150      78
      23     148      77
      22     146      76
      21     144      75
      20     142      74
      19     140      73
      18     138      72
      17     136      71
      16     135      70
      15     133      69
      14     131      68
      13     129      67
      12     127      66
      11     125      65
      10     123      64
       9     121      63
       9     120      63
       8     119      62
       7     117      61
       5     114      59
       4     112      58
       3     110      57
       2     108      56
       1     106      55
       0     104      54
       0     103      54
