       9      10      22
      12      13      30
      17      19      41
      20      24      50
      24      28      58
      29      33      68
      32      37      77
      36      42      85
      41      47      94
      45      51     102
      48      54     108
      52      59     117
      56      64     124
      60      68     130
      66      74     139
      70      78     145
      74      82     150
      78      86     158
      83      91     164
      84      93     169
      89      98     176
      93     106     181
      98     114     186
     102     120     192
     107     129     197
     110     136     202
     114     142     206
     119     151     212
     123     156     215
     126     161     219
     131     169     223
     135     175     227
     139     181     230
     144     187     234
     148     192     237
     152     197     240
     157     202     243
     161     207     245
     164     210     247
     169     215     249
     173     219     251
     178     223     254
     183     227     255
     187     230     255
     195     233     255
     205     236     255
     212     239     255
     219     241     255
     224     242     255
     230     246     255
     235     247     255
     239     248     255
     243     251     255
     247     252     255
     250     253     255
     252     254     255
     254     254     255
     254     254     255
     255     255     255
     250     239     249
     240     222     233
     236     210     229
     233     191     225
     231     182     220
     230     176     215
     227     169     212
     225     161     207
     221     152     202
     217     144     199
     218     140     198
     213     128     190
     210     120     188
     207     112     184
     207     105     180
     203      96     175
     198      86     170
     199      83     167
     196      72     163
     193      67     160
     193      61     156
     190      55     155
     189      48     150
     185      40     143
     183      36     141
     180      34     137
     178      34     133
     177      33     129
     171      32     129
     164      32     130
     162      32     130
     157      31     131
     153      31     131
     150      30     131
     141      30     130
     137      30     133
     129      29     133
     119      28     134
     115      28     136
     106      27     135
     103      27     137
      95      27     136
      92      27     138
      85      27     137
      77      27     138
      72      25     138
      67      25     138
      62      26     140
      60      26     141
      50      26     141
      48      26     141
      39      26     141
      27      26     142
      29      26     143
      17      26     143
       9      26     145
       0      26     144
       0      26     145
       0      26     144
       0      25     145
       0      29     154
       0      32     171
       0      35     181
       0      36     188
       0      40     205
       0      43     211
       0      44     219
       0      47     230
       0      50     242
       0      53     253
       0      54     255
       0      54     255
       0      60     255
       0      73     255
       0      79     255
       0      94     255
       0     100     255
       0     111     255
       0     126     255
       0     138     255
       0     152     255
       0     163     255
       0     178     255
       0     183     255
       0     197     255
       0     208     255
       0     216     255
       0     223     255
       4     233     255
      16     250     255
      20     252     254
      26     253     255
      43     253     235
      50     252     229
      64     252     216
      73     252     203
      85     251     194
      95     251     180
      99     251     176
     107     251     164
     119     251     151
     125     251     144
     136     250     134
     150     250     117
     158     250     106
     170     250      93
     180     250      72
     191     250      65
     196     250      49
     212     250      20
     212     250      20
     228     250       0
     235     249       0
     245     251       0
     254     251       0
     255     250       0
     255     242       0
     255     233       0
     255     220       0
     255     215       0
     255     204       0
     255     186       0
     255     178       0
     255     170       0
     254     159       0
     255     142       0
     254     136       0
     255     128       0
     254     114       0
     254     104       0
     253      91       0
     255      84       0
     254      74       0
     254      60       0
     254      53       0
     253      50       0
     254      40       0
     254      36       0
     252      33       0
     248      32       0
     239      31       0
     233      30       0
     218      27       0
     214      26       0
     200      24       0
     192      23       0
     183      20       0
     175      20       0
     167      18       0
     150      14       0
     149      15       0
     136      12       0
     130      11       0
     124      10       0
     113       8       0
     113       8       0
     103       6       0
      98       6       0
      93       6       0
      87       5       0
      87       5       0
      86       5       0
      83       5       0
      81       3       0
      79       4       0
      76       4       0
      74       3       0
      71       3       0
      70       3       0
      68       3       0
      65       2       0
      63       2       0
      59       2       0
      57       2       0
      54       2       0
      52       2       0
      50       2       0
      47       2       0
      46       2       0
      43       2       0
      41       1       0
      37       1       0
      36       1       0
      32       1       0
      29       1       0
      30       6       6
      34      14      13
      39      22      22
      48      34      33
      60      48      48
      74      65      65
      91      84      84
     110     107     107
     134     130     130
     158     157     157
     187     186     186
     158     157     157
