     250     251     244
     242     243     237
     234     236     231
     227     229     224
     219     222     218
     212     214     211
     204     207     205
     197     200     198
     189     193     192
     181     186     186
     174     178     179
     166     171     173
     159     164     166
     151     157     160
     144     149     153
     136     142     147
     129     135     141
     121     128     134
     113     121     128
     106     113     121
      98     106     115
      91      99     108
      83      92     102
      76      85      96
      68      77      89
      60      70      83
      53      63      76
      45      56      70
      38      48      63
      30      41      57
      23      34      51
      15      27      44
       9      21      39
      12      27      44
      16      33      49
      19      39      54
      22      45      59
      26      51      64
      29      56      69
      33      62      74
      36      68      80
      39      74      85
      43      80      90
      46      86      95
      50      92     100
      53      98     105
      56     103     110
      60     109     115
      63     115     120
      67     121     125
      70     127     130
      73     133     135
      77     139     140
      80     144     145
      83     150     150
      87     156     155
      90     162     160
      94     168     165
      97     174     170
     100     180     176
     104     186     181
     107     191     186
     111     197     191
     114     203     196
     116     207     198
     114     204     193
     112     202     187
     109     199     182
     107     197     177
     105     194     171
     103     192     166
     101     190     160
      98     187     155
      96     185     150
      94     182     144
      92     180     139
      90     177     133
      87     175     128
      85     172     123
      83     170     117
      81     167     112
      79     165     106
      76     162     101
      74     160      96
      72     157      90
      70     155      85
      68     152      79
      65     150      74
      63     147      69
      61     145      63
      59     142      58
      57     140      52
      54     137      47
      52     135      42
      50     133      36
      48     130      31
      49     130      27
      55     134      26
      61     138      25
      68     142      25
      74     145      24
      80     149      23
      87     153      22
      93     157      21
      99     161      20
     105     165      19
     112     169      18
     118     172      18
     124     176      17
     130     180      16
     137     184      15
     143     188      14
     149     192      13
     156     196      12
     162     199      11
     168     203      10
     174     207      10
     181     211       9
     187     215       8
     193     219       7
     199     223       6
     206     226       5
     212     230       4
     218     234       3
     225     238       3
     231     242       2
     237     246       1
     243     250       0
     246     248       0
     244     241       0
     243     235       0
     242     228       0
     240     221       0
     239     215       0
     238     208       0
     236     201       0
     235     194       0
     234     188       0
     232     181       0
     231     174       0
     230     168       0
     228     161       0
     227     154       0
     226     147       0
     224     141       0
     223     134       0
     222     127       0
     220     121       0
     219     114       0
     217     107       0
     216     100       0
     215      94       0
     213      87       0
     212      80       0
     211      74       0
     209      67       0
     208      60       0
     207      53       0
     205      47       0
     204      40       0
     200      37       0
     194      36       0
     189      35       0
     183      34       0
     178      34       1
     172      33       1
     167      32       1
     161      31       1
     155      30       2
     150      29       2
     144      28       2
     139      28       2
     133      27       3
     127      26       3
     122      25       3
     116      24       3
     111      23       4
     105      23       4
      99      22       4
      94      21       4
      88      20       5
      83      19       5
      77      18       5
      72      17       5
      66      17       6
      60      16       6
      55      15       6
      49      14       6
      44      13       7
      38      12       7
      32      12       7
      27      11       7
      30      12      10
      35      14      13
      41      15      16
      46      17      20
      51      19      23
      57      20      26
      62      22      29
      68      24      33
      73      26      36
      79      27      39
      84      29      42
      90      31      45
      95      33      49
     101      34      52
     106      36      55
     111      38      58
     117      39      62
     122      41      65
     128      43      68
     133      45      71
     139      46      75
     144      48      78
     150      50      81
     155      51      84
     161      53      87
     166      55      91
     172      57      94
     177      58      97
     182      60     100
     188      62     104
     193      64     107
     199      65     110
     201      69     114
     203      74     119
     204      78     123
     206      83     128
     208      87     132
     209      91     137
     211      96     141
     213     100     146
     214     104     150
     216     109     155
     218     113     159
     219     118     164
     221     122     168
     223     126     173
     224     131     177
     226     135     182
     228     140     186
     229     144     191
     231     148     195
     233     153     200
     234     157     204
     236     162     209
     238     166     213
     239     170     218
     241     175     222
     243     179     227
     244     184     231
     246     188     236
     248     192     240
     249     197     245
     251     201     249
     253     206     254
