       0       0      79
       7       7     137
      15      15     147
      12      12     154
       2       2     158
       3       3     162
      12      12     175
      15      15     183
       7       7     189
       3       3     196
      13      13     207
      15      15     216
       6       6     223
       1       1     227
       8       8     235
      15      15     244
      11      11     252
       3       7     255
       8      23     255
      15      37     255
      11      41     255
       1      41     255
       9      56     255
      15      69     255
      10      74     255
       2      77     255
       9      90     255
      15     102     255
      10     107     255
       2     109     255
      10     123     255
      14     134     255
      10     140     255
       2     144     255
       9     156     255
      15     166     255
       9     173     255
       2     178     255
      11     189     255
      15     199     255
       9     206     255
       1     211     255
      11     222     255
      15     231     255
       8     238     255
       2     247     255
       5     254     253
       1     255     253
       6     255     252
       5     255     249
       5     255     249
      23     255     246
       9     255     245
       9     255     245
      17     255     241
      13     255     241
      19     255     239
      17     255     237
      17     255     237
      24     255     233
      21     255     233
      21     255     232
      25     255     229
      25     255     229
      28     255     226
      29     255     225
      32     255     225
      33     255     221
      33     255     221
      42     255     218
      37     255     217
      37     255     216
      41     255     213
      41     255     213
      52     255     212
      45     255     209
      45     255     209
      54     255     206
      49     255     205
      51     255     204
      53     255     201
      53     255     201
      58     255     197
      57     255     197
      57     255     197
      61     255     193
      61     255     193
      64     255     191
      65     255     189
      67     255     189
      69     255     185
      69     255     185
      79     255     185
      73     255     181
      73     255     181
      80     255     178
      77     255     177
      83     255     177
      81     255     173
      81     255     173
      90     255     172
      85     255     169
      85     255     169
      89     255     165
      89     255     165
      91     255     162
      93     255     161
      93     255     161
      97     255     157
      97     255     157
     101     255     156
     101     255     153
     101     255     153
     105     255     149
     105     255     149
     112     255     151
     109     255     145
     109     255     145
     117     255     145
     113     255     141
     115     255     141
     117     255     137
     117     255     137
     125     255     137
     121     255     133
     121     255     133
     125     255     129
     125     255     129
     126     255     127
     129     255     125
     129     255     124
     133     255     121
     133     255     121
     137     255     124
     137     255     117
     137     255     117
     142     255     116
     141     255     113
     145     255     115
     145     255     109
     145     255     109
     153     255     112
     149     255     105
     149     255     105
     153     255     101
     153     255     101
     157     255     101
     157     255      97
     157     255      97
     161     255      93
     161     255      93
     161     255      93
     165     255      89
     165     255      89
     168     255      85
     169     255      85
     172     255      89
     173     255      81
     173     255      81
     178     255      83
     177     255      77
     178     255      78
     181     255      73
     181     255      73
     187     255      78
     185     255      69
     185     255      69
     189     255      67
     189     255      65
     191     255      64
     193     255      61
     193     255      61
     197     255      57
     197     255      57
     197     255      58
     201     255      53
     201     255      53
     205     255      51
     205     255      49
     207     255      53
     209     255      45
     209     255      45
     214     255      52
     213     255      41
     213     255      41
     217     255      38
     217     255      37
     220     255      40
     221     255      33
     221     255      33
     225     255      32
     225     255      29
     225     255      28
     229     255      25
     229     255      25
     232     255      21
     233     255      21
     233     255      23
     237     255      17
     237     255      17
     240     255      20
     241     255      13
     241     255      15
     245     255       9
     245     255       9
     248     255      19
     249     255       5
     249     255       5
     253     255       6
     253     255       1
     253     253       4
     255     246       3
     255     237       8
     255     230      15
     255     221      11
     255     212       1
     255     204       8
     255     197      15
     255     188      10
     255     177       2
     255     172       9
     255     165      15
     255     155      10
     255     144       2
     255     137      10
     255     132      14
     255     122      10
     255     110       2
     255     106       9
     255     100      15
     255      88       9
     255      75       2
     255      73      11
     255      68      15
     255      55       9
     255      41       1
     255      40      11
     255      35      15
     255      22       8
     255       7       2
     250      10      10
     242      15      15
     234       8       8
     226       1       1
     218      12      12
     210      15      15
     201       8       8
     191       2       2
     185      11      11
     178      15      15
     168       8       8
     159       1       1
     154       7       7
     149      15      15
     140      12      12
     128       3       3
