      29       0      79
      48       5     134
      51      12     146
      49      15     156
      43      12     162
      31       4     167
      24       1     169
      22       4     176
      21      12     185
      17      15     191
      12      17     197
       6      18     200
       3      23     204
       9      38     211
      15      52     217
      14      60     220
       8      64     223
       1      67     225
       6      81     229
      12      95     234
      15     104     237
      11     109     238
       3     112     239
       4     120     242
      11     133     245
      15     142     247
      13     148     247
       5     153     249
       2     157     249
       8     167     250
      15     174     252
      14     180     252
       8     183     253
       3     186     253
       6     193     253
      12     200     254
      15     205     254
      11     210     254
       4     213     254
       3     218     254
       3     220     254
       3     222     254
      14     225     254
      10     227     254
       2     228     255
      12     231     255
      11     234     255
       4     234     255
       6     237     255
       5     239     255
       7     241     255
      13     243     255
      10     246     255
      13     248     255
      23     252     255
      17     253     254
      14     255     254
      22     255     251
      18     255     249
      15     255     247
      16     255     245
      17     255     242
      21     255     241
      26     255     238
      22     255     235
      29     255     233
      36     255     233
      30     255     229
      31     255     227
      37     255     225
      33     255     222
      32     255     221
      34     255     218
      34     255     218
      38     255     215
      40     255     213
      49     255     212
      47     255     209
      47     255     206
      57     255     206
      55     255     204
      50     255     200
      56     255     199
      56     255     196
      56     255     195
      60     255     192
      63     255     191
      69     255     190
      75     255     190
      73     255     187
      75     255     186
      84     255     187
      81     255     183
      80     255     181
      85     255     180
      86     255     179
      88     255     177
      90     255     177
      96     255     177
      99     255     177
     101     255     176
     110     255     179
     111     255     178
     108     255     175
     117     255     176
     119     255     175
     118     255     174
     122     255     175
     127     255     175
     131     255     176
     136     255     177
     144     255     181
     150     255     183
     148     255     181
     156     255     185
     162     255     188
     161     255     187
     165     255     188
     172     255     192
     175     255     194
     180     255     197
     187     255     201
     191     255     204
     200     255     210
     205     255     214
     209     255     216
     218     255     223
     226     255     230
     244     255     243
     250     255     241
     248     255     228
     246     255     222
     245     255     215
     243     255     208
     242     255     201
     241     255     195
     240     255     190
     240     255     185
     240     255     179
     239     255     173
     239     255     172
     239     255     164
     239     255     159
     240     255     158
     240     255     154
     240     255     148
     241     255     145
     242     255     143
     242     255     136
     242     255     132
     243     255     128
     243     255     124
     244     255     117
     245     255     117
     247     255     116
     248     255     109
     249     255     107
     251     255     109
     251     255     101
     252     255      97
     254     255      93
     254     254      89
     255     253      87
     255     251      84
     255     250      80
     255     248      81
     255     248      81
     255     246      73
     255     245      74
     255     243      76
     255     242      67
     255     241      64
     255     239      60
     255     237      57
     255     235      53
     255     233      54
     255     233      56
     255     231      49
     255     229      50
     255     227      54
     255     226      44
     255     224      40
     255     222      41
     255     220      35
     255     219      34
     255     218      33
     255     217      34
     255     215      32
     255     212      31
     255     212      37
     255     210      31
     255     207      24
     255     206      30
     255     204      26
     255     201      20
     255     199      19
     255     196      16
     255     193      17
     255     190      14
     255     191      22
     255     188      19
     255     183      10
     255     183      17
     255     180      16
     255     176       9
     255     173       9
     255     170       6
     255     168       5
     255     166       9
     255     162       6
     255     160       6
     255     160      16
     254     155       8
     254     150       3
     254     150      11
     254     146       7
     254     141       1
     254     136       2
     254     130       5
     254     125      12
     254     120      15
     254     110      11
     253      98       4
     253      90       2
     253      85      11
     252      79      15
     251      69      13
     250      55       6
     249      42       1
     248      35       8
     246      30      14
     245      21      14
     244       9      11
     241       2      12
     239       5      27
     238      12      45
     235      15      56
     231      11      61
     227       4      65
     225       3      73
     221      11      88
     217      15      99
     213      13     105
     208       7     108
     203       2     112
     197       7     121
     194      13     129
     188      15     133
     180      10     134
     172       2     133
     167       1     133
     164       7     135
     157      14     138
     150      15     137
     140      10     132
     128       3     126
