       1       2     193
       2       4     194
       3       6     195
       5       9     196
       7      11     197
      10      14     198
      11      17     199
      13      20     201
      15      23     202
      17      26     204
      19      29     205
      21      32     207
      23      35     208
      25      38     210
      27      41     211
      29      44     213
      31      47     214
      33      50     216
      35      53     217
      37      56     219
      38      59     220
      41      62     222
      43      65     223
      45      67     225
      46      70     226
      49      73     228
      51      76     229
      53      79     231
      54      82     232
      57      85     234
      58      88     235
      60      91     237
      62      94     238
      65      97     240
      66     100     241
      68     103     243
      70     106     244
      73     109     246
      74     112     247
      76     115     249
      78     118     250
      80     121     252
      82     124     253
      84     127     255
      86     129     255
      88     131     255
      90     133     255
      92     135     255
      94     137     255
      97     139     255
      98     141     255
     100     143     255
     102     145     255
     105     148     255
     106     149     255
     108     151     255
     110     153     255
     113     156     255
     115     157     255
     117     159     255
     118     161     255
     121     164     255
     123     165     255
     125     167     255
     127     169     255
     129     172     255
     131     173     255
     133     175     255
     135     177     255
     137     180     255
     139     181     255
     141     183     255
     143     185     255
     146     188     255
     147     190     255
     149     192     255
     151     193     255
     154     196     255
     155     198     255
     157     200     255
     159     201     255
     162     204     255
     164     206     255
     166     208     255
     167     209     255
     170     212     255
     172     213     255
     174     214     255
     175     215     255
     177     216     255
     180     217     255
     182     218     255
     183     219     255
     185     220     255
     187     221     255
     189     222     255
     191     223     255
     193     224     255
     195     225     255
     197     226     255
     199     226     255
     201     228     255
     203     229     255
     205     230     255
     207     230     255
     209     232     255
     211     233     255
     213     234     255
     215     234     255
     217     236     255
     219     237     255
     221     238     255
     223     238     255
     225     240     255
     227     241     255
     229     242     255
     230     242     255
     232     244     255
     235     245     255
     237     246     255
     238     246     255
     240     247     255
     243     248     255
     245     250     255
     246     250     255
     248     251     255
     250     252     255
     252     254     255
     254     254     255
     255     254     253
     255     253     251
     255     251     249
     255     251     247
     255     250     245
     255     249     243
     255     247     241
     255     247     239
     255     246     237
     255     245     235
     255     244     233
     255     243     231
     255     242     229
     255     241     227
     255     240     225
     255     239     224
     255     238     222
     255     237     219
     255     236     217
     255     235     216
     255     234     214
     255     233     211
     255     232     209
     255     231     208
     255     230     206
     255     229     204
     255     228     202
     255     227     200
     255     226     198
     255     225     196
     255     224     194
     255     224     192
     255     222     190
     255     221     188
     255     220     186
     255     220     184
     255     218     182
     255     217     180
     255     216     178
     255     216     176
     255     214     174
     255     213     172
     255     212     170
     255     210     168
     255     208     166
     255     207     165
     255     204     162
     255     202     160
     255     200     158
     255     199     156
     255     196     154
     255     194     152
     255     192     150
     255     191     148
     255     188     146
     255     186     144
     255     184     142
     255     182     140
     255     180     137
     255     178     136
     255     176     134
     255     174     132
     255     172     129
     255     170     128
     255     168     126
     255     166     124
     255     164     121
     255     162     119
     255     160     117
     255     158     116
     255     156     113
     255     154     111
     255     152     109
     255     150     107
     255     148     105
     255     146     103
     255     144     101
     255     142      99
     255     139      97
     255     138      95
     255     136      93
     255     134      91
     255     131      88
     255     130      87
     255     128      85
     254     125      83
     252     122      80
     251     119      79
     249     116      77
     248     113      75
     246     110      73
     245     107      71
     243     104      69
     242     101      67
     240      98      65
     239      95      63
     237      92      61
     236      89      59
     234      86      57
     233      83      55
     231      80      53
     230      77      52
     228      74      49
     227      71      47
     225      68      45
     224      66      44
     222      63      41
     221      60      39
     219      57      37
     218      54      36
     216      51      33
     215      48      32
     213      45      30
     212      42      28
     210      39      25
     209      36      24
     207      33      22
     206      30      20
     204      27      17
     203      24      16
     201      21      14
     200      18      12
     198      15      10
     197      12       8
     195       9       6
     194       6       4
     193       4       3
