     255     255     255
     255     255     255
     255     255     255
     255     255     255
     255     255     255
     255     255     255
     255     255     255
     255     255     255
     255     255     255
     255     255     255
     255     255     255
     255     255     255
     255     255     255
     254     254     254
     253     253     253
     249     249     249
     243     243     243
     235     235     235
     225     225     225
     213     213     213
     199     199     199
     183     183     183
     165     165     165
     145     145     145
     124     124     124
     103     104     104
      86      84      84
      73      67      67
      65      51      51
      63      38      38
      65      26      26
      71      17      17
      83       9       9
     100       4       4
     121       1       1
     145       1       0
     169       6       0
     190      13       0
     207      22       0
     222      34       0
     234      49       0
     244      66       0
     250      85       0
     254     107       0
     254     132       0
     253     155       0
     248     177       0
     241     195       0
     232     211       0
     220     225       0
     206     236       0
     189     244       0
     169     250       0
     147     254       0
     123     254       0
      99     252       1
      78     247       3
      59     240       6
      43     229      11
      30     216      17
      19     200      24
      10     181      33
       4     159      43
       0     135      54
       0     110      65
       0      88      76
       0      71      88
       0      59      99
       0      52     110
       0      49     121
       0      52     132
       0      60     143
       0      72     153
       0      90     164
       0     110     175
       0     132     187
       0     153     199
      14     168     205
      34     179     208
      52     187     209
      71     194     210
      89     199     209
     107     201     208
     125     201     204
     143     198     200
     161     194     194
     179     187     187
     185     183     183
     183     183     183
     182     182     182
     180     180     180
     179     179     179
     178     178     178
     177     177     177
     176     176     176
     175     175     175
     174     174     174
     173     173     173
     172     172     172
     171     171     171
     170     170     170
     168     168     168
     167     167     167
     166     166     166
     165     165     165
     164     164     164
     163     163     163
     162     162     162
     161     161     161
     160     160     160
     158     158     158
     157     157     157
     156     156     156
     155     155     155
     154     154     154
     153     153     153
     152     152     152
     151     151     151
     150     150     150
     149     149     149
     148     148     148
     146     146     146
     145     145     145
     144     144     144
     143     143     143
     142     142     142
     141     141     141
     140     140     140
     139     139     139
     138     138     138
     136     136     136
     135     135     135
     134     134     134
     133     133     133
     132     132     132
     131     131     131
     130     130     130
     129     129     129
     128     128     128
     127     127     127
     126     126     126
     124     124     124
     123     123     123
     122     122     122
     121     121     121
     120     120     120
     119     119     119
     118     118     118
     117     117     117
     116     116     116
     114     114     114
     113     113     113
     112     112     112
     111     111     111
     110     110     110
     109     109     109
     108     108     108
     107     107     107
     106     106     106
     105     105     105
     104     104     104
     102     102     102
     101     101     101
     100     100     100
      99      99      99
      98      98      98
      97      97      97
      96      96      96
      95      95      95
      94      94      94
      92      92      92
      91      91      91
      90      90      90
      89      89      89
      88      88      88
      87      87      87
      86      86      86
      85      85      85
      84      84      84
      83      83      83
      82      82      82
      80      80      80
      79      79      79
      78      78      78
      77      77      77
      76      76      76
      75      75      75
      74      74      74
      73      73      73
      72      72      72
      70      70      70
      69      69      69
      68      68      68
      67      67      67
      66      66      66
      65      65      65
      64      64      64
      63      63      63
      62      62      62
      61      61      61
      59      59      59
      58      58      58
      57      57      57
      56      56      56
      55      55      55
      54      54      54
      53      53      53
      52      52      52
      51      51      51
      49      49      49
      48      48      48
      47      47      47
      46      46      46
      45      45      45
      44      44      44
      43      43      43
      42      42      42
      41      41      41
      40      40      40
      39      39      39
      37      37      37
      36      36      36
      35      35      35
      34      34      34
      33      33      33
      32      32      32
      31      31      31
      30      30      30
      29      29      29
      27      27      27
      26      26      26
      25      25      25
      24      24      24
      23      23      23
      22      22      22
      21      21      21
      20      20      20
      19      19      19
      18      18      18
      17      17      17
      15      15      15
      14      14      14
      13      13      13
      12      12      12
      11      11      11
      10      10      10
       9       9       9
       8       8       8
       7       7       7
       5       5       5
       4       4       4
       7       7       7
      12      12      12
      16      16      16
      21      21      21
      26      26      26
