       2     249     246
       3     246     241
       5     243     236
       7     240     230
       8     236     223
      11     232     215
      13     227     206
      16     222     197
      18     217     188
      22     212     180
      24     207     171
      26     202     162
      30     197     153
      32     193     145
      35     188     136
      37     183     127
      41     178     118
      43     173     110
      45     168     101
      49     163      92
      51     158      83
      53     153      75
      56     149      67
      58     145      60
      61     142      54
      64     140      50
      66     138      47
      70     137      46
      73     137      46
      75     137      46
      78     138      49
      81     140      52
      85     143      56
      88     144      60
      92     147      64
      95     150      68
      99     151      72
     102     154      76
     106     157      81
     109     158      85
     113     161      89
     116     164      93
     120     165      97
     123     168     101
     127     170     105
     130     173     109
     134     174     113
     137     177     117
     141     180     122
     144     181     126
     148     184     130
     151     186     134
     155     188     138
     158     192     142
     162     193     146
     165     196     151
     169     199     155
     173     200     159
     176     203     163
     180     206     167
     183     207     171
     187     210     175
     190     213     179
     194     214     184
     197     216     188
     201     219     192
     204     222     196
     208     223     200
     211     226     204
     215     229     208
     218     230     212
     222     233     216
     226     236     221
     229     237     225
     233     240     229
     236     243     233
     239     244     237
     242     247     240
     245     248     244
     246     248     246
     246     248     247
     244     246     248
     244     243     248
     240     241     247
     238     238     244
     233     233     243
     228     228     239
     223     223     237
     217     217     234
     212     212     231
     207     207     229
     202     202     226
     196     196     223
     191     191     220
     186     186     217
     180     180     213
     175     175     210
     170     170     208
     165     165     205
     159     159     202
     154     154     200
     149     149     197
     144     144     194
     138     138     190
     133     133     187
     128     128     184
     123     123     181
     117     117     179
     112     112     176
     107     107     173
     101     101     170
      96      96     168
      91      91     165
      85      85     162
      80      80     158
      75      75     156
      69      69     153
      64      64     150
      59      59     147
      54      54     144
      48      48     142
      43      43     139
      38      38     136
      33      33     133
      27      27     130
      22      22     126
      18      18     124
      15      15     122
      13      13     119
      13      13     115
      13      13     112
      16      16     109
      19      19     106
      24      24     103
      31      31      99
      38      38      96
      47      47      92
      55      55      88
      64      64      84
      72      72      81
      81      81      77
      89      89      73
      97      97      69
     106     106      65
     114     114      62
     123     123      58
     131     131      54
     140     140      50
     148     148      46
     157     157      43
     165     165      39
     174     174      35
     182     182      31
     190     190      27
     199     199      23
     207     207      20
     216     216      16
     223     223      12
     230     230       9
     236     235       7
     241     240       4
     246     243       2
     249     243       2
     252     245       1
     254     244       0
     254     241       0
     255     238       0
     255     235       0
     255     231       0
     255     228       0
     255     224       0
     255     221       0
     255     217       0
     255     214       0
     255     210       0
     255     207       0
     255     203       0
     255     200       0
     255     197       0
     255     193       0
     255     190       0
     255     186       0
     255     183       0
     255     179       0
     255     176       0
     255     173       0
     255     169       0
     255     166       0
     255     162       0
     255     159       0
     255     155       0
     255     152       0
     255     148       0
     255     145       0
     255     141       0
     255     138       0
     255     134       0
     255     131       0
     255     127       0
     255     124       0
     255     120       0
     255     117       0
     255     113       0
     255     110       0
     255     106       0
     255     103       0
     255      99       0
     255      96       0
     255      92       0
     255      89       0
     255      85       0
     255      82       0
     255      78       0
     255      75       0
     255      71       0
     255      68       0
     255      64       0
     255      61       0
     255      58       0
     255      54       0
     255      51       0
     255      47       0
     255      44       0
     255      40       0
     255      37       0
     255      33       0
     255      30       0
     255      27       0
     255      23       0
     255      20       0
     255      16       0
     250      13       0
     245      10       0
     240       8       0
     235       5       0
     230       4       0
     225       2       0
     220       1       0
     215       0       0
     210       0       0
     205       0       0
     200       0       0
     195       0       0
     190       0       0
     185       0       0
     180       0       0
     175       0       0
     170       0       0
     165       0       0
     160       0       0
     155       0       0
     150       0       0
     145       0       0
     140       0       0
     135       0       0
     130       0       0
