     251      78     249
     243      75     240
     235      72     232
     227      69     224
     219      66     216
     211      63     208
     203      61     200
     195      58     192
     187      55     184
     181      53     178
     177      51     174
     173      50     170
     169      48     167
     165      47     163
     161      45     159
     157      44     156
     153      42     152
     149      41     149
     146      40     146
     144      39     144
     142      38     142
     140      37     140
     137      36     137
     135      35     135
     133      34     133
     131      33     131
     128      32     128
     127      31     127
     124      31     124
     123      30     123
     120      29     120
     119      29     119
     116      28     116
     115      27     115
     113      27     113
     110      26     109
     107      25     106
     104      25     103
     102      24      99
      99      24      96
      96      23      93
      94      22      89
      91      22      86
      84      22      86
      74      22      90
      65      22      94
      55      22      98
      44      22     101
      34      22     105
      25      22     109
      15      22     113
       5      22     117
       9      26     119
      13      31     122
      16      35     125
      20      40     127
      25      44     130
      29      49     133
      32      54     135
      36      58     138
      41      63     141
      45      68     145
      49      73     149
      53      78     153
      58      83     157
      62      88     161
      66      93     165
      70      98     169
      75     104     173
      78     108     176
      82     112     179
      85     117     182
      89     121     186
      93     125     189
      96     130     192
     100     134     196
     104     138     199
     107     143     202
     110     147     205
     114     152     208
     117     156     211
     120     161     214
     124     165     217
     127     170     220
     130     174     223
     134     179     227
     137     182     230
     140     186     233
     143     190     236
     146     194     239
     149     198     242
     153     202     245
     156     206     248
     159     210     251
     162     212     253
     165     213     253
     167     215     253
     170     216     253
     173     217     253
     175     219     253
     178     220     253
     181     221     253
     184     223     254
     186     224     254
     189     225     254
     192     226     254
     194     227     254
     197     228     254
     200     229     254
     202     230     254
     205     231     254
     208     232     253
     211     233     253
     214     235     253
     217     236     253
     220     237     253
     223     239     253
     226     240     253
     229     241     253
     233     243     253
     235     244     253
     238     245     253
     240     247     253
     243     248     253
     245     250     254
     248     251     254
     251     252     254
     253     254     254
     254     253     252
     254     251     248
     254     249     243
     253     246     239
     253     244     234
     253     242     230
     252     239     225
     252     237     221
     252     235     217
     252     232     210
     252     229     204
     252     226     198
     252     223     192
     252     220     186
     252     218     180
     252     215     174
     252     212     168
     251     209     163
     251     207     158
     251     205     154
     251     203     149
     250     200     144
     250     198     140
     250     196     135
     250     194     130
     250     192     126
     249     189     120
     249     187     114
     249     184     108
     249     182     102
     248     179      96
     248     177      90
     248     174      84
     248     172      78
     248     169      73
     248     166      69
     248     164      64
     248     161      60
     248     158      55
     248     156      51
     248     153      46
     248     150      42
     248     148      38
     245     145      37
     243     142      36
     240     139      36
     238     136      35
     235     133      35
     233     131      34
     230     128      33
     228     125      33
     225     122      32
     222     119      31
     219     115      31
     215     112      30
     212     109      29
     209     105      29
     206     102      28
     203      99      27
     200      96      27
     196      93      26
     193      90      25
     190      87      24
     186      84      24
     183      81      23
     180      78      22
     176      75      22
     173      72      21
     170      69      20
     167      65      19
     163      61      18
     160      57      18
     157      54      17
     153      50      16
     150      46      15
     147      42      14
     144      39      14
     140      36      13
     136      33      13
     132      30      12
     128      27      12
     125      24      11
     121      21      11
     117      18      10
     113      15      10
     113      14      10
     115      14      10
     118      14      10
     120      14      10
     123      14      11
     125      14      11
     128      14      11
     130      14      11
     133      15      12
     134      15      12
     135      16      12
     136      17      12
     138      17      12
     139      18      13
     140      19      13
     142      19      13
     143      20      13
     145      21      14
     147      21      14
     150      21      14
     152      21      14
     155      22      15
     157      22      15
     160      22      15
     162      22      15
     165      23      16
     168      23      16
     171      24      17
     175      25      17
     178      26      18
     182      27      18
     185      27      19
     188      28      20
     192      29      20
     196      30      21
     202      32      22
     208      34      23
     214      35      23
     220      37      24
     226      39      25
     232      40      26
     238      42      27
     244      44      28
