       4      19      44
       4      20      46
       4      21      49
       4      22      52
       5      24      54
       5      25      57
       5      26      60
       5      28      63
       6      29      65
       6      30      68
       6      31      71
       6      33      73
       7      34      76
       7      35      79
       7      37      82
       7      38      84
       8      39      87
       8      41      90
       8      42      92
       8      43      95
       9      44      98
       9      46     101
       9      47     103
       9      48     106
      10      51     109
      12      54     112
      13      56     115
      14      59     119
      15      62     122
      16      65     125
      17      68     128
      18      70     131
      19      73     135
      21      76     138
      22      79     141
      23      82     144
      24      84     147
      25      87     151
      26      90     154
      27      93     157
      28      96     160
      29      98     163
      31     101     167
      32     104     170
      33     107     173
      34     110     176
      35     112     179
      37     115     181
      40     117     182
      42     119     183
      44     121     184
      47     123     186
      49     125     187
      52     127     188
      54     129     189
      57     131     190
      59     133     191
      62     136     192
      64     138     193
      67     140     194
      69     142     195
      71     144     196
      74     146     197
      76     148     198
      79     150     200
      81     152     201
      84     154     202
      86     156     203
      89     158     204
      91     160     205
      94     163     206
      97     165     207
     100     168     208
     104     170     209
     107     172     210
     110     175     211
     113     177     212
     117     180     213
     120     182     214
     123     185     215
     126     187     216
     130     190     217
     133     192     218
     136     195     219
     139     197     220
     143     200     221
     146     202     222
     149     204     223
     152     207     224
     155     209     225
     159     212     226
     162     214     227
     165     217     228
     168     219     229
     171     220     230
     174     222     231
     178     223     232
     181     224     233
     184     226     234
     187     227     236
     190     229     237
     193     230     238
     196     231     239
     199     233     240
     202     234     241
     205     235     242
     208     237     243
     211     238     245
     214     240     246
     217     241     247
     220     242     248
     223     244     249
     227     245     250
     230     246     251
     233     248     252
     236     249     253
     239     250     254
     239     250     253
     240     249     253
     241     248     252
     241     247     251
     242     246     250
     243     245     249
     243     244     248
     244     243     247
     245     242     246
     245     241     245
     246     240     244
     247     240     243
     248     239     242
     248     238     241
     249     237     240
     250     236     239
     250     235     238
     251     234     237
     252     233     236
     252     232     235
     253     231     234
     254     230     234
     254     230     233
     254     227     229
     254     224     225
     254     221     221
     254     218     217
     254     216     213
     254     213     209
     254     210     204
     253     207     200
     253     204     196
     253     201     192
     253     198     188
     253     196     184
     253     193     180
     253     190     176
     253     187     172
     252     184     168
     252     181     164
     252     179     160
     252     176     156
     252     173     152
     252     170     148
     252     167     144
     252     164     140
     251     161     136
     251     157     133
     251     154     130
     250     150     126
     250     147     123
     250     143     120
     249     140     116
     249     136     113
     248     133     110
     248     130     107
     248     126     103
     247     123     100
     247     119      97
     247     116      93
     246     112      90
     246     109      87
     246     105      84
     245     102      80
     245      98      77
     245      95      74
     244      91      71
     244      88      67
     244      84      64
     242      81      62
     240      79      61
     237      77      59
     235      74      58
     232      72      57
     230      70      55
     227      67      54
     225      65      53
     222      63      51
     220      60      50
     218      58      49
     215      56      48
     213      53      46
     210      51      45
     208      49      44
     205      46      42
     203      44      41
     200      42      40
     198      39      38
     195      37      37
     193      35      36
     191      32      35
     188      30      33
     186      28      32
     185      28      31
     183      27      31
     182      26      30
     180      25      29
     179      25      29
     178      24      28
     176      23      27
     175      23      26
     174      22      26
     172      21      25
     171      21      24
     169      20      23
     168      19      23
     167      19      22
     165      18      21
     164      17      21
     163      17      20
     161      16      19
     160      15      18
     158      14      18
     157      14      17
     156      13      16
     154      12      15
     150      12      15
     146      11      14
     142      11      13
     138      10      13
     134      10      12
     130       9      11
     126       8      11
     122       8      10
     118       7       9
     114       7       8
     110       6       8
     106       6       7
     102       5       6
      98       5       6
      94       4       5
      90       3       4
      86       3       4
      82       2       3
      78       2       2
      74       1       2
      70       1       1
      66       0       0
      63       0       0
