      17      27      61
      17      29      64
      18      31      68
      19      33      72
      20      35      75
      20      37      79
      21      39      83
      22      41      87
      23      43      90
      23      45      94
      24      47      98
      25      49     101
      26      51     105
      26      53     109
      27      55     113
      28      57     116
      29      59     120
      30      61     124
      30      63     127
      31      65     131
      32      67     134
      32      69     136
      32      70     138
      33      72     140
      33      73     142
      34      74     144
      34      76     146
      35      77     147
      35      79     149
      35      80     151
      36      82     153
      36      83     155
      37      85     157
      37      86     159
      37      88     161
      38      89     163
      38      91     164
      39      92     166
      39      94     168
      39      95     170
      41      97     171
      42      99     173
      43     101     174
      44     103     175
      46     104     177
      47     106     178
      48     108     179
      50     110     180
      51     112     182
      52     114     183
      54     116     184
      55     118     185
      56     120     187
      58     121     188
      59     123     189
      60     125     191
      62     127     192
      63     129     193
      64     131     194
      66     133     196
      69     136     198
      71     139     199
      74     142     201
      77     144     203
      80     147     204
      82     150     206
      85     153     208
      88     156     210
      91     159     211
      93     161     213
      96     164     215
      99     167     217
     102     170     218
     104     173     220
     107     176     222
     110     179     224
     113     181     225
     115     184     227
     118     187     229
     122     190     230
     127     192     231
     132     195     232
     137     198     233
     142     200     234
     147     203     235
     152     205     236
     157     208     237
     162     210     238
     167     213     239
     172     215     240
     177     218     241
     182     220     242
     186     223     243
     191     226     244
     196     228     245
     201     231     246
     206     233     246
     211     236     247
     216     238     248
     218     239     249
     220     240     249
     222     241     249
     224     242     250
     226     243     250
     228     243     250
     230     244     251
     232     245     251
     234     246     251
     236     247     252
     238     247     252
     240     248     252
     242     249     252
     243     250     253
     245     251     253
     247     251     253
     249     252     254
     251     253     254
     253     254     254
     255     254     254
     255     254     254
     255     254     253
     255     254     252
     255     254     252
     255     254     251
     255     254     251
     255     254     250
     255     254     249
     255     254     249
     255     253     248
     255     253     248
     255     253     247
     255     253     246
     255     253     246
     255     253     245
     255     253     245
     255     253     244
     255     253     243
     255     253     243
     254     252     239
     254     251     234
     254     250     230
     254     249     225
     254     248     220
     253     247     216
     253     246     211
     253     245     206
     253     244     201
     253     243     197
     252     242     192
     252     241     187
     252     240     182
     252     239     178
     252     238     173
     251     236     168
     251     235     163
     251     234     159
     251     233     154
     251     232     149
     251     230     145
     251     228     141
     251     225     137
     251     223     133
     251     221     129
     251     218     125
     252     216     121
     252     214     117
     252     211     113
     252     209     109
     252     207     105
     252     204     101
     253     202      97
     253     199      93
     253     197      89
     253     195      85
     253     192      81
     253     190      77
     253     188      73
     253     185      70
     253     183      69
     253     181      67
     253     179      66
     253     176      65
     252     174      63
     252     172      62
     252     170      61
     252     168      59
     252     165      58
     251     163      57
     251     161      55
     251     159      54
     251     156      53
     251     154      51
     250     152      50
     250     150      49
     250     147      47
     250     145      46
     250     143      45
     249     141      44
     249     140      44
     249     138      44
     249     137      44
     249     136      44
     248     134      44
     248     133      43
     248     131      43
     248     130      43
     247     128      43
     247     127      43
     247     126      43
     247     124      43
     247     123      42
     246     121      42
     246     120      42
     246     118      42
     246     117      42
     246     116      42
     245     114      42
     243     110      42
     241     106      42
     239     102      42
     237      98      43
     235      95      43
     233      91      43
     231      87      44
     229      83      44
     227      79      44
     225      75      45
     223      72      45
     221      68      45
     219      64      46
     216      60      46
     214      56      46
     212      52      46
     210      49      47
     208      45      47
     206      41      47
     204      39      47
     201      38      46
     198      37      45
     195      36      43
     192      35      42
     189      34      41
     186      33      40
     183      33      39
     180      32      38
     177      31      37
     174      30      36
     171      29      34
     168      28      33
     165      27      32
     162      26      31
     159      25      30
     156      24      29
     153      23      28
     150      22      27
     147      22      26
