     251     252     246
     235     234     235
     226     229     234
     221     226     232
     213     221     226
     207     211     220
     199     201     213
     192     195     207
     187     191     202
     170     174     186
     166     172     186
     162     168     184
     153     160     176
     144     151     167
     135     144     159
     126     138     154
     121     134     150
     114     127     143
     110     123     139
     102     115     132
      97     110     131
      89     101     125
      73      88     109
      70      88     108
      62      77      98
      62      77      98
      52      68      93
      46      62      88
      36      51      77
      29      46      72
      26      40      67
      16      27      55
      15      29      55
      12      28      51
      14      30      53
      16      34      56
      17      34      57
      21      39      61
      24      45      66
      26      46      68
      29      49      73
      33      55      78
      33      60      81
      38      66      87
      38      66      87
      46      77      97
      44      75      95
      49      80     101
      52      83     104
      57      88     109
      57      92     109
      64     100     116
      62      99     115
      66     103     119
      74     114     124
      76     116     128
      74     116     130
      79     121     137
      82     125     136
      83     132     136
      83     133     141
      88     138     147
      90     144     151
      92     144     153
     100     155     161
     102     157     162
     102     160     164
     108     166     170
     111     169     173
     115     175     176
     116     176     177
     122     184     183
     119     180     182
     126     190     192
     130     196     193
     131     201     196
     135     206     200
     137     210     203
     143     215     208
     143     218     211
     145     221     214
     150     227     219
     152     229     218
     152     230     217
     146     224     210
     143     221     205
     140     220     191
     138     218     189
     136     216     187
     133     212     183
     125     210     169
     118     203     162
     121     204     155
     118     200     150
     113     196     141
     110     195     135
     106     190     130
     101     186     122
     101     186     118
      95     180     112
      93     179     103
      89     174      98
      88     172      94
      83     166      86
      78     161      81
      76     160      75
      70     154      66
      70     155      62
      65     150      56
      63     147      50
      61     145      47
      65     147      40
      74     155      40
      74     154      29
      85     162      35
      87     164      25
      96     167      26
     105     175      18
     109     179      21
     117     183      13
     124     185       7
     132     193       0
     139     196       1
     147     199       1
     153     206       2
     160     204       0
     169     211       3
     176     214       0
     183     221       0
     191     225       4
     198     230       3
     209     231       1
     216     236       0
     221     239       1
     230     243       4
     234     246       0
     239     250       2
     250     255       1
     254     251       1
     255     248       0
     253     241       4
     255     232       0
     255     225       4
     255     216       0
     253     208       1
     255     201       2
     252     190       0
     255     187       2
     254     177       1
     254     170       1
     254     161       0
     255     155       1
     253     145       0
     255     144       2
     254     137       2
     254     133       4
     255     123       2
     253     117       0
     253     110       0
     252     101       0
     255      98       1
     252      95       1
     247      90       3
     239      82       3
     233      72       0
     227      69       0
     217      63       0
     215      62       4
     212      55       2
     208      52       1
     195      40       0
     191      37       2
     186      32       4
     185      31       7
     182      30       6
     173      28       3
     167      29       6
     159      30       7
     159      30      10
     152      27       7
     150      30       8
     139      25       7
     136      25       8
     127      26       8
     126      23       6
     120      29      10
     115      22       6
     114      26      11
     104      23       9
      99      23       6
      98      22       9
      88      19       8
      83      24      13
      75      16       9
      79      25      15
      71      18      10
      67      20      15
      60      16       9
      56      18      11
      51      17       8
      48      15      10
      46      15      10
      35      13       6
      34      12       7
      30      11       7
      29      16      10
      25      10       7
      23      13      11
      17       7       5
      18       8       6
      16       7       4
      15      10       6
      16      11       8
       8       2       2
      13       8       5
      12       7       4
       6       1       0
       9       4       1
       9       4       1
       8       4       3
       1       0       0
       0       1       1
       0       0       3
      11       0       1
      37       4       5
      69      12      19
      99      23      32
     115      31      46
     133      36      59
     145      41      71
     156      48      81
     164      53      91
     177      60     104
     191      72     114
     206      84     131
     212      88     141
     216      91     147
     226     101     159
     229     103     167
     235     112     177
     243     123     187
     247     132     196
     252     136     201
     254     144     211
     250     148     218
     251     159     224
     252     170     229
     254     179     236
     253     186     239
     253     194     244
     254     198     247
     251     203     249
     251     207     250
     251     214     252
     253     215     254
     252     214     253
