     253     251     246
     229     232     238
     231     233     236
     229     232     237
     221     234     231
     201     203     213
     171     184     197
     173     172     182
     152     162     172
     143     144     165
     172     175     189
     164     172     183
      86     100     134
     101      97     113
      47      97     101
      94     111     126
     123     135     150
     154     165     186
     131     155     170
      94     105     128
     255      56      86
     252     249     179
     134      91     112
      97     118     148
      71      88     125
     131     144     177
     190     242      65
     189     136     162
     134      75      79
     198     184     209
      90     100     129
      42      72      77
     158     161     153
     115     136     189
     196     255       0
     128     113     136
       0       3      30
      34      33       9
       0       0      13
     254      26      50
     219     115     138
       0     123     112
     105     167     192
      21      27      48
     137     171      25
      79      87     117
     255       0     155
      11      41     176
     108     168     150
     123     176     174
       1     123     126
       8      51      82
      51      75      84
     244      27      76
     151      67      79
     155     212     224
      80     126     148
      46     113      87
     167      82      88
      99      93     137
     211     104     108
      44     140     147
     254      99     106
      91     170     177
      48     102     119
      96      94     137
      28      26      26
      59     217      24
     234      82      45
     222     105      42
     116     189     191
      49     118     120
      99     158     153
      93     120     223
     113     100     103
     152      57      52
     201      61      56
     166     170     148
     124     175     195
      90     171     160
      88     165     161
      53      98      51
      68      88     219
      97     175     167
      43     176     133
     169      22      47
     211     227     215
     184       9      92
      44     235      37
     125     161      74
     200     188      55
     187     152     123
     126     173     211
     221     113     125
     108     210     190
     209      55      95
      79     165      65
     176     140     170
      90     179     140
     131     231      69
     164      17     124
     166     250      66
     247     137     120
     143      24      59
     181      37     245
      39     165     144
     124     210     153
     254      83     148
      64     203     207
     151     138      63
     237     106      33
     169     216     210
      28     128     193
     100     188     159
      79     157     205
      22      89     126
      91     165     255
     104     129     164
     159     151     126
      34     166     152
      68     242     251
      69     141      36
      65      28     232
      67     197     110
      71     135      86
      45     221       3
     165     191       0
     198      59       0
      98     234       0
     204     179       0
      42     103      76
      42      58      72
     211     206     209
     255     245      31
     163     237     179
      79     176       0
      22      38      76
     255     250     108
     255      40     198
     255     166      36
     255     199     153
     255     102       0
     255       0     174
     255     190       0
     255     118       0
     255      99      69
     255     210       0
     255     140     231
     255     155      56
     255     120     147
     255       0      36
     255      31       0
     255     142       0
     255     100      15
     255      62     153
     255      27     224
     255     179      46
     255     211     162
     255     126       0
     255     172      13
     250     178     193
     151     181       0
     140     100      20
      64     252     190
     127     140     115
     112       8      47
     138     144       0
     213      13     195
     161      80      18
     135     217      81
     116     161       0
      74     255       0
      93     166     190
     165      92       0
     126      24     217
      30      38      14
      62      62      91
      84     103      37
      83      10     167
      99     185     167
      48      38      24
     145      31       9
     222      25      52
       0     255       6
      28     182       5
     128      52     120
       0     158     147
      61     191     177
      43      59      45
     100      18       4
     232      19     255
      30     141     227
     190     141     152
      66     111     113
      46     226     222
      76     142     124
      52      48      82
     107      81       8
     249     169     162
      84      31      11
     242       1      11
     217     196     185
     162     197     242
     255      57     255
     143      53      49
      75      72      81
     197     210     228
     134     139     143
      16      21      19
       0      12       5
     217     191     188
     161      51     117
      67      39      59
     113     104     118
     232     243     240
       0     176     172
       9     147       0
       9       5       3
      12     255       1
     113       0       0
     206     207       8
       0     199       2
      15       1       0
     128      78      77
     193     155     135
     121     189     127
       8     199     135
      99     121      42
     198      96     121
     205      53     140
     231      53     122
     153     113     149
      98     193     210
      55     255      51
     197     167     196
     255     130     179
     255     111     215
     255     100     162
     209      74     120
     174      46      99
     204      33     110
     174      83     133
      50     128     194
      10     169     241
     255     140     217
     254      90     183
     254     116     200
     254     142     213
     254     180     238
     254     205     248
     254     209     254
     254     207     250
     254     206     251
     254     207     249
     254     214     254
     253     213     254
