     253     251     246
     237     238     240
     231     233     236
     223     227     231
     215     221     226
     210     214     221
     205     207     217
     198     201     211
     190     195     206
     186     191     200
     178     183     196
     172     177     190
     166     172     185
     160     167     181
     153     160     174
     146     153     169
     141     148     164
     131     142     158
     125     137     152
     119     132     148
     113     127     141
     106     119     135
     100     112     132
      96     108     128
      88     102     123
      82      96     117
      76      91     112
      69      85     106
      65      79     102
      59      74      97
      53      69      92
      47      62      88
      41      55      81
      33      52      77
      28      45      70
      25      39      64
      20      33      59
      15      29      54
      12      27      50
      12      26      49
      12      29      52
      15      33      56
      18      34      58
      21      38      63
      23      43      65
      25      46      68
      28      49      72
      31      53      76
      33      56      79
      35      61      82
      35      64      85
      39      67      89
      43      71      93
      45      75      95
      46      77      97
      49      79     100
      52      82     103
      56      86     107
      56      90     108
      61      96     113
      63      99     116
      64     102     119
      68     108     122
      72     112     124
      73     114     126
      75     117     130
      78     120     134
      79     126     135
      82     130     138
      84     133     141
      86     137     144
      89     141     148
      91     144     151
      94     147     154
     100     154     161
     102     155     162
     103     159     163
     105     164     167
     108     167     171
     111     169     173
     114     173     177
     116     177     179
     121     182     184
     122     183     185
     126     189     191
     128     194     191
     129     198     193
     131     202     197
     134     206     201
     137     209     204
     140     214     207
     143     218     211
     146     222     215
     149     226     218
     151     229     219
     151     230     219
     149     228     215
     146     225     208
     143     222     205
     140     221     193
     137     219     191
     135     216     187
     132     213     183
     128     211     174
     124     208     166
     120     205     160
     118     204     153
     116     200     149
     112     198     142
     110     195     139
     106     192     131
     103     189     126
     101     187     122
      98     184     116
      95     180     112
      92     178     104
      89     174     102
      87     172      93
      85     169      88
      81     166      84
      78     163      80
      75     160      75
      71     157      67
      69     155      65
      66     151      56
      66     149      54
      63     147      47
      61     145      45
      64     146      41
      69     150      38
      73     153      37
      79     158      29
      83     162      32
      92     166      25
      96     169      26
     103     172      21
     108     176      19
     113     180      16
     122     184       6
     126     188      10
     134     192       0
     137     195       0
     146     198       0
     152     203       0
     157     205       0
     163     208       0
     170     213       0
     177     216       0
     184     223       0
     191     223       0
     196     228       0
     205     231       0
     212     234       0
     218     238       0
     224     241       0
     231     246       0
     237     248       0
     243     254       0
     252     255       0
     255     255       0
     255     252       0
     255     249       0
     255     244       0
     255     234       0
     255     229       0
     255     219       0
     255     216       0
     255     208       0
     255     202       0
     255     195       0
     255     189       0
     255     184       0
     255     176       0
     255     172       0
     255     162       0
     255     158       0
     255     151       0
     255     145       0
     255     140       0
     255     133       0
     255     128       0
     255     119       0
     255     117       0
     255     111       0
     255     105       0
     255      99       0
     252      94       0
     247      89       0
     241      83       0
     236      78       0
     232      73       0
     227      69       0
     221      63       0
     216      59       0
     211      56       0
     206      50       0
     200      45       0
     195      39       0
     191      36       0
     185      31       4
     184      29       5
     178      30       5
     173      30       4
     168      29       4
     160      29       8
     159      28       8
     154      28       8
     151      26       5
     143      26       7
     138      26       8
     133      26       7
     128      25       6
     126      24       5
     120      25       8
     119      24       8
     111      24       9
     109      22       8
     103      23       9
      99      23       9
      95      22       8
      90      21       9
      87      19       8
      78      21      11
      77      19      10
      73      19      10
      71      17      10
      65      18      10
      60      18      10
      57      17      10
      53      16      10
      51      15      10
      45      15      10
      41      12       8
      36      13       8
      35      12       8
      31      12       8
      27      11       7
      25      10       5
      20       9       7
      17       8       5
      15       8       5
      15       8       5
      14       8       5
      13       8       4
      12       6       3
      12       5       5
      11       7       5
      10       7       5
      10       3       0
       8       4       2
       8       3       1
       6       3       0
       5       3       0
       3       2       0
       0       0       0
       0       0       0
