      24     116     205
     134     205     254
      39     104      43
      41     106      40
      45     109      40
      49     113      41
      53     116      41
      57     120      41
      61     123      42
      65     127      42
      69     130      42
      73     134      43
      77     137      43
      81     141      43
      85     144      44
      89     148      44
      93     151      44
      97     155      45
     101     158      45
     105     162      46
     109     165      46
     113     169      46
     117     172      47
     121     176      47
     125     179      47
     129     183      48
     133     186      48
     137     190      48
     141     193      49
     145     197      49
     152     203      49
     154     205      51
     155     206      53
     157     207      55
     158     209      56
     159     210      58
     160     211      60
     161     212      62
     162     213      64
     164     214      66
     165     215      68
     166     217      69
     167     218      71
     168     219      73
     169     220      75
     171     221      77
     172     222      79
     173     223      81
     174     224      83
     175     226      84
     176     227      86
     178     228      88
     179     229      90
     180     230      92
     181     231      94
     182     232      96
     183     234      97
     185     235      99
     187     237     102
     189     238     105
     191     238     109
     193     238     112
     195     239     115
     198     239     119
     199     239     122
     201     239     125
     203     240     128
     205     240     131
     207     240     135
     210     240     138
     212     241     141
     214     241     145
     216     241     148
     218     241     151
     220     242     155
     222     242     158
     224     242     161
     227     242     165
     229     243     168
     231     243     171
     233     243     175
     235     243     178
     237     244     181
     239     244     184
     242     244     188
     244     244     191
     247     245     195
     250     244     199
     249     244     198
     249     243     196
     249     243     195
     248     242     193
     248     242     192
     248     241     190
     247     241     189
     247     240     187
     247     239     186
     246     239     185
     246     238     183
     246     238     182
     245     237     180
     245     237     179
     244     236     177
     244     236     176
     244     235     174
     243     235     173
     243     234     171
     243     233     170
     242     233     169
     242     232     167
     242     232     166
     241     231     164
     241     231     163
     241     230     161
     240     229     160
     239     228     157
     238     227     154
     237     225     152
     236     224     149
     235     223     147
     234     221     144
     233     220     141
     233     219     139
     232     218     136
     231     216     134
     230     215     131
     229     214     129
     228     212     126
     228     212     124
     227     211     122
     226     209     119
     225     208     117
     224     207     114
     223     205     111
     222     204     109
     221     203     106
     220     201     104
     220     200     101
     219     199      99
     218     198      96
     217     196      93
     216     195      91
     213     191      83
     213     190      81
     212     189      79
     212     187      77
     212     186      76
     212     185      74
     211     184      72
     211     182      70
     211     181      68
     211     180      66
     210     179      64
     210     177      63
     210     176      61
     209     175      59
     209     174      57
     209     172      55
     209     171      53
     208     170      51
     208     169      49
     208     167      48
     207     166      46
     207     165      44
     207     164      42
     207     162      40
     206     161      38
     206     160      36
     206     159      35
     206     157      33
     205     155      30
     203     153      29
     201     151      29
     198     149      30
     196     146      30
     194     144      31
     192     142      31
     189     140      32
     187     137      32
     185     135      33
     183     133      33
     180     131      34
     178     128      34
     176     126      35
     173     124      35
     171     122      36
     169     119      36
     167     117      37
     164     115      37
     162     113      38
     160     110      38
     157     108      39
     156     107      39
     154     104      40
     151     102      40
     149     100      41
     147      98      41
     145      95      42
     141      92      42
     138      89      42
     136      88      42
     134      87      41
     132      85      41
     130      84      40
     128      83      39
     126      82      39
     124      80      38
     123      79      38
     121      78      37
     119      77      37
     117      75      36
     115      74      35
     113      73      35
     111      72      34
     109      70      34
     107      69      33
     105      68      32
     103      67      32
     101      65      31
      99      64      31
      97      63      30
      96      62      30
      94      60      29
      92      59      28
      90      58      28
      88      57      27
      86      55      26
      84      55      27
      90      62      35
      95      68      43
     101      75      51
     106      82      59
     112      88      66
     118      95      74
     123     102      82
     129     108      90
     134     115      98
     140     121     106
     146     128     114
     151     134     122
     157     141     129
     163     148     137
     168     154     144
     174     161     152
     180     168     160
     185     174     168
     191     181     176
     197     188     184
     202     194     192
     208     201     200
     214     208     208
     220     215     216
     225     221     223
     231     228     231
     237     235     239
     248     248     255
