      95      27     136
      99      27     136
     104      27     136
     109      27     136
     113      27     136
     118      28     135
     124      28     134
     129      29     134
     134      29     133
     140      30     132
     146      30     131
     152      31     131
     159      31     130
     165      32     130
     170      34     133
     175      36     136
     180      38     139
     185      40     143
     188      50     148
     191      60     154
     194      70     159
     198      80     165
     200      86     169
     202      92     172
     204      97     175
     206     102     178
     208     110     182
     211     121     187
     215     132     192
     218     143     198
     221     155     203
     225     169     209
     228     182     216
     232     196     222
     236     210     229
     225     202     229
     214     195     229
     203     188     229
     192     181     229
     183     176     230
     173     171     232
     164     166     233
     155     161     234
     142     154     237
     125     145     241
     109     137     246
      92     128     250
      77     118     250
      68     103     238
      58      89     225
      49      74     212
      40      60     200
      35      52     184
      30      45     169
      25      38     154
      21      31     138
      17      28     125
      15      25     112
      12      23      99
       9      21      86
       8      19      81
       9      19      83
      10      19      85
      11      19      88
      12      18      90
      12      18      92
      13      18      95
      14      18      97
      15      18     100
      15      18     101
      15      18     102
      16      18     103
      16      18     104
      21      23     106
      26      30     109
      32      37     111
      38      43     113
      43      50     117
      49      56     123
      55      62     129
      61      69     134
      66      74     140
      69      77     144
      72      80     149
      75      83     153
      78      86     158
      80      88     162
      83      91     166
      85      94     170
      88      97     174
      91     101     178
      94     107     182
      97     112     186
     100     117     190
     103     122     193
     106     127     196
     109     132     200
     111     138     203
     114     143     206
     117     147     209
     120     152     212
     123     156     215
     126     161     219
     129     165     221
     132     170     224
     135     175     226
     138     179     229
     143     186     232
     149     192     236
     155     199     240
     161     206     244
     167     211     247
     173     214     249
     179     217     251
     185     220     252
     193     224     254
     206     230     254
     219     235     254
     232     241     254
     245     247     255
     247     248     254
     249     250     253
     252     251     252
     254     253     251
     254     254     251
     253     254     252
     252     254     253
     251     254     254
     251     254     242
     251     254     218
     252     254     193
     252     254     169
     253     253     149
     253     245     142
     253     237     135
     253     229     128
     253     222     122
     252     213     117
     252     204     112
     251     195     107
     251     187     102
     251     178      96
     251     170      90
     252     162      84
     252     154      78
     253     146      73
     253     138      67
     253     130      61
     253     122      56
     252     114      50
     250     107      46
     247     100      41
     245      93      37
     243      86      33
     244      78      30
     246      70      27
     247      63      24
     249      55      21
     244      48      18
     236      42      15
     228      35      12
     220      28       9
     214      24       8
     209      22       8
     204      20       8
     199      18       8
     194      16       8
     188      14       8
     183      12       9
     177      10       9
     172       9      10
     166       6      10
     160       4      10
     154       2      10
     148       0      10
     143       0      10
     138       0      10
     134       0      10
     129       0      10
     123       0       9
     116       0       8
     108       0       7
     101       0       5
      95       0       4
      92       0       4
      89       0       4
      86       0       4
      83       0       4
      78       0       4
      74       0       4
      70       0       5
      66       0       5
      67       7      11
      71      18      19
      74      29      26
      78      39      34
      82      46      39
      87      50      43
      91      54      47
      96      58      51
      99      62      55
      98      62      56
      97      62      57
      96      62      58
      96      63      59
     100      67      61
     104      71      64
     109      76      67
     113      80      70
     119      85      74
     124      89      78
     129      93      83
     135      97      87
     141     102      92
     147     107      97
     153     112     102
     160     118     108
     166     123     112
     171     127     116
     177     132     120
     182     136     124
     188     141     129
     194     149     138
     200     157     147
     207     165     157
     213     173     166
     221     176     173
     230     179     179
     238     181     185
     247     183     191
     251     179     189
     249     169     177
     247     158     165
     246     147     153
     243     138     142
     237     130     135
     231     122     128
     225     114     121
     220     107     114
     217     100     105
     215      93      97
     212      86      89
     210      79      81
     208      74      76
     205      70      72
     202      65      68
     200      61      64
     197      56      61
     195      51      57
     193      46      53
     191      40      49
     188      36      46
     181      32      43
     175      28      40
     168      24      37
     162      20      35
