     166       1      40
     164       4      39
     163       8      38
     162      12      37
     161      15      36
     159      19      35
     158      23      34
     157      27      33
     156      30      32
     154      34      31
     153      38      30
     152      41      29
     151      45      28
     150      49      27
     148      53      26
     147      56      25
     146      60      24
     145      64      23
     143      67      23
     142      71      22
     141      75      21
     140      79      20
     141      81      21
     144      83      22
     146      86      24
     148      88      26
     151      90      27
     153      92      29
     155      95      30
     158      97      32
     160      99      34
     162     102      35
     165     104      37
     167     106      38
     170     108      40
     172     111      42
     174     113      43
     177     115      45
     179     117      46
     181     120      48
     184     122      50
     186     124      51
     188     126      53
     191     129      55
     193     133      59
     196     137      63
     199     140      66
     201     144      70
     204     147      74
     206     151      77
     209     155      81
     212     158      85
     214     162      88
     217     166      92
     219     169      96
     222     173      99
     224     176     103
     227     180     107
     230     184     110
     232     187     114
     235     191     118
     237     195     121
     240     198     125
     243     202     129
     245     205     132
     245     206     133
     245     207     134
     245     207     135
     245     208     137
     245     209     138
     245     210     139
     245     211     140
     245     212     142
     245     213     143
     245     214     144
     245     215     145
     245     215     146
     245     216     148
     245     217     149
     245     218     150
     245     219     151
     245     220     153
     245     221     154
     245     222     155
     245     223     156
     245     224     158
     245     224     159
     245     225     160
     246     226     161
     246     227     163
     247     228     164
     247     229     165
     248     230     167
     248     231     168
     249     232     169
     249     233     171
     250     234     172
     250     235     173
     251     236     175
     251     237     176
     252     238     177
     252     239     179
     253     240     180
     253     241     181
     253     242     183
     254     243     184
     254     244     185
     255     245     188
     255     245     191
     255     246     194
     255     246     198
     255     247     201
     255     247     204
     255     248     207
     255     248     211
     255     249     214
     255     249     217
     255     250     220
     255     250     224
     255     250     227
     255     251     230
     255     251     233
     255     252     237
     255     252     240
     255     253     243
     255     253     246
     255     254     250
     255     254     253
     253     255     253
     251     255     251
     249     255     249
     246     255     246
     244     255     244
     242     255     242
     239     255     239
     237     255     237
     234     255     234
     232     255     232
     230     255     230
     227     255     227
     225     255     225
     223     255     223
     220     255     220
     218     255     218
     216     255     216
     213     255     213
     211     255     211
     209     255     209
     206     255     206
     204     254     204
     201     254     203
     199     253     202
     197     252     200
     194     252     199
     192     251     198
     189     250     197
     187     249     195
     184     249     194
     182     248     193
     179     247     191
     177     247     190
     175     246     189
     172     245     188
     170     244     186
     167     244     185
     165     243     184
     162     242     183
     160     242     181
     157     241     180
     155     240     179
     153     240     178
     149     237     177
     146     235     176
     143     232     175
     139     230     174
     136     227     173
     133     225     172
     129     223     171
     126     220     170
     123     218     169
     120     215     169
     116     213     168
     113     211     167
     110     208     166
     106     206     165
     103     204     164
     100     201     163
      96     199     162
      93     196     161
      90     194     161
      87     192     160
      83     189     159
      83     188     160
      85     187     162
      86     186     164
      87     185     166
      89     184     168
      90     183     170
      91     182     172
      92     182     173
      94     181     175
      95     180     177
      96     179     179
      97     178     181
      99     177     183
     100     176     185
     101     175     187
     103     174     189
     104     174     191
     105     173     193
     106     172     195
     108     171     197
     109     170     199
     107     168     199
     102     165     198
      97     163     197
      92     160     196
      87     157     194
      82     154     193
      77     152     192
      72     149     191
      68     146     190
      63     144     189
      58     141     188
      53     138     187
      48     135     185
      43     133     184
      38     130     183
      33     127     182
      28     124     181
      23     122     180
      18     119     179
      13     116     177
       8     114     176
       5     110     174
       9     105     170
      12     100     165
      16      95     161
      19      90     156
      23      85     152
      27      80     147
      30      75     143
      34      70     138
      37      65     134
      41      60     129
      44      55     125
      48      50     120
      51      45     116
      55      40     111
      58      35     107
      62      30     102
      65      25      98
      69      20      93
      72      15      89
      76      10      84
      80       6      80
