     254     254     254
     252     254     253
     251     254     253
     250     254     253
     249     254     253
     247     254     253
     246     254     252
     245     254     252
     244     254     252
     243     254     252
     241     254     252
     240     254     251
     239     254     251
     238     254     251
     236     254     251
     235     254     251
     234     254     250
     233     254     250
     232     254     250
     230     254     250
     229     254     250
     228     254     249
     227     254     249
     226     254     249
     224     254     249
     223     254     249
     221     254     248
     218     252     246
     216     251     244
     213     249     242
     210     248     240
     208     246     238
     205     245     237
     202     243     235
     199     242     233
     197     240     231
     194     239     229
     191     237     227
     189     236     225
     186     234     224
     183     233     222
     181     231     220
     178     230     218
     175     228     216
     172     227     214
     170     225     213
     167     224     211
     164     222     209
     162     221     207
     159     219     205
     156     218     203
     154     217     202
     151     216     200
     150     215     198
     147     214     197
     146     213     195
     143     212     194
     142     211     192
     139     210     191
     138     209     189
     135     208     188
     134     207     186
     131     207     185
     130     206     183
     127     205     182
     126     204     180
     123     203     179
     122     202     177
     119     201     175
     118     200     174
     115     199     172
     114     198     171
     111     198     169
     110     197     168
     107     196     166
     106     195     165
     103     194     163
     102     193     162
     100     192     160
      99     191     158
      97     191     156
      96     190     154
      94     189     153
      93     188     151
      91     187     149
      90     187     147
      88     186     145
      86     185     144
      85     184     142
      83     183     140
      82     182     138
      80     182     136
      79     181     135
      77     180     133
      76     179     131
      74     178     129
      73     177     127
      71     177     126
      70     176     124
      68     175     122
      67     174     120
      65     173     118
      64     173     117
      63     172     118
      62     172     119
      62     172     120
      61     171     122
      61     171     123
      60     171     124
      60     171     126
      59     170     127
      59     170     128
      58     170     129
      57     169     131
      57     169     132
      56     169     133
      56     169     135
      55     168     136
      55     168     137
      54     168     138
      54     168     140
      53     167     141
      53     167     142
      52     167     144
      51     166     145
      51     166     146
      50     166     148
      50     166     149
      50     165     151
      52     165     153
      53     165     155
      55     165     157
      57     164     159
      58     164     161
      60     164     164
      61     164     166
      63     163     168
      64     163     170
      66     163     172
      68     163     174
      69     163     176
      71     162     179
      72     162     181
      74     162     183
      75     162     185
      77     161     187
      79     161     189
      80     161     192
      82     161     194
      83     160     196
      85     160     198
      86     160     200
      88     160     202
      90     160     205
      89     159     204
      88     158     204
      88     157     203
      87     157     203
      87     156     203
      86     155     202
      86     154     202
      85     154     202
      85     153     201
      84     152     201
      83     151     201
      83     151     200
      82     150     200
      82     149     200
      81     148     199
      81     148     199
      80     147     199
      80     146     198
      79     145     198
      79     145     197
      78     144     197
      77     143     197
      77     142     196
      76     142     196
      76     141     196
      74     139     194
      71     135     190
      69     131     187
      66     128     183
      63     124     180
      61     120     176
      58     117     173
      55     113     169
      52     109     166
      50     105     162
      47     102     159
      44      98     155
      42      94     152
      39      91     148
      36      87     145
      34      83     141
      31      80     138
      28      76     134
      25      72     131
      23      69     127
      20      65     124
      17      61     120
      15      58     117
      12      54     113
       9      50     110
       7      47     107
       7      46     105
       7      45     104
       7      44     102
       7      44     101
       7      43      99
       7      42      98
       7      42      96
       7      41      95
       7      40      93
       7      40      92
       7      39      91
       7      38      89
       7      38      88
       7      37      86
       7      37      85
       7      36      83
       7      35      82
       7      35      80
       7      34      79
       7      33      77
       7      33      76
       7      32      75
       7      31      73
       7      31      72
       7      30      70
       8      29      70
      11      28      72
      13      27      74
      16      25      76
      19      24      77
      21      23      79
      24      22      81
      27      21      83
      29      20      84
      32      18      86
      35      17      88
      38      16      90
      40      15      92
      43      14      93
      46      12      95
      48      11      97
      51      10      99
      54       9     100
      57       8     102
      59       7     104
      62       5     106
      65       4     107
      67       3     109
      70       2     111
      73       1     113
      76       0     115
