     255     255     255
     250     249     249
     247     243     243
     246     238     237
     244     232     231
     242     226     225
     239     221     219
     234     215     213
     225     210     208
     213     205     204
     197     200     200
     181     196     197
     168     193     196
     156     191     196
     145     191     198
     135     192     200
     125     194     203
     114     196     207
     102     199     211
      89     203     216
      74     207     221
      60     212     226
      50     216     230
      43     221     234
      37     225     237
      35     229     240
      34     233     243
      35     237     246
      38     240     248
      41     242     251
      47     243     253
      54     245     254
      62     246     253
      71     246     252
      82     245     251
      92     244     249
     102     241     247
     111     236     245
     120     230     243
     127     222     243
     132     213     242
     136     206     242
     138     202     243
     137     198     243
     135     195     244
     132     190     244
     127     184     245
     120     175     246
     112     163     247
     102     146     248
      92     128     250
      84     112     252
      77      97     254
      70      85     255
      64      73     255
      57      63     255
      51      54     255
      43      45     255
      35      36     255
      25      27     254
      16      20     252
      11      14     252
       7      11     253
       5      11     253
       3      13     253
       3      17     251
       3      25     247
       2      35     239
       1      48     228
       0      64     212
       0      79     197
       0      93     185
       0     105     174
       0     117     164
       0     129     154
       0     141     143
       0     154     130
       0     169     115
       0     186      96
       0     204      75
       0     218      58
       0     228      44
       0     235      33
       0     239      26
       0     241      19
       0     242      15
       0     243      10
       0     244       6
       0     246       1
       2     248       0
       5     250       0
       8     250       0
      11     249       0
      14     246       0
      17     243       4
      20     240      10
      24     236      16
      28     231      22
      33     227      27
      38     223      32
      42     220      36
      45     218      39
      47     217      41
      48     216      43
      49     214      44
      50     213      46
      51     210      47
      51     207      48
      53     202      50
      54     197      51
      54     193      51
      53     189      50
      53     186      50
      52     184      48
      50     182      47
      49     179      45
      48     177      44
      47     175      43
      46     173      42
      44     171      43
      41     169      44
      36     169      45
      32     168      47
      29     169      48
      28     170      49
      29     171      49
      33     174      48
      41     177      45
      53     180      41
      64     183      35
      74     186      28
      84     189      21
      94     191      14
     105     194       7
     116     197       2
     130     200       0
     145     204       0
     162     208       0
     181     213       3
     196     216       8
     207     219      14
     215     221      20
     221     222      28
     225     223      37
     229     224      46
     232     225      57
     236     227      70
     242     228      83
     247     231      96
     250     233     107
     250     236     117
     249     238     124
     246     240     130
     243     240     134
     239     240     137
     236     239     139
     234     235     139
     234     230     138
     234     225     136
     235     220     132
     235     216     127
     237     211     120
     238     207     112
     239     201     104
     241     195      96
     242     187      88
     243     177      80
     244     165      73
     244     155      68
     244     147      66
     243     141      65
     243     136      66
     242     132      68
     241     128      70
     241     124      72
     241     118      73
     241     110      72
     242     101      71
     243      94      68
     245      89      66
     247      85      64
     249      83      61
     250      81      59
     252      80      58
     253      78      56
     254      76      55
     254      73      55
     254      69      55
     255      66      55
     255      64      55
     255      63      56
     255      63      57
     254      63      59
     252      63      61
     250      63      64
     246      63      67
     241      63      71
     236      62      74
     231      61      76
     226      60      77
     222      59      78
     218      59      78
     214      58      79
     211      58      80
     207      59      84
     203      60      89
     198      62      97
     195      63     105
     193      65     113
     192      67     119
     192      69     125
     192      70     130
     194      72     136
     195      74     142
     196      76     148
     196      79     156
     196      81     165
     196      83     171
     195      84     176
     194      85     178
     194      85     179
     193      86     179
     193      85     179
     193      85     179
     193      86     180
     195      86     183
     196      87     188
     198      89     191
     199      92     194
     200      96     196
     201      99     197
     202     101     198
     204     102     200
     206     102     203
     209      99     206
     213      93     211
     217      83     217
     221      70     223
     225      53     228
     228      36     232
     230      19     236
     232       4     239
     235       0     242
     237       0     245
     239       0     247
     242       0     250
     245      13     252
     246      33     253
     247      56     253
     247      80     252
     247     107     251
     246     134     249
     245     162     247
     244     189     245
     244     216     243
     244     242     242
