     255     255     255
     251     250     251
     248     246     248
     245     242     245
     242     238     242
     239     234     239
     236     230     236
     233     226     233
     230     222     230
     227     218     227
     225     214     225
     225     210     226
     226     206     228
     226     201     229
     227     197     231
     227     193     232
     228     189     234
     228     185     236
     229     181     237
     229     177     239
     229     173     238
     227     167     235
     225     162     232
     223     157     229
     221     152     226
     219     147     223
     216     142     220
     214     137     217
     212     132     214
     210     127     211
     208     122     208
     207     118     205
     205     114     203
     203     110     200
     201     106     198
     199     102     195
     197      98     193
     196      94     190
     194      90     188
     192      85     185
     189      84     183
     186      83     181
     182      82     179
     179      81     177
     176      80     175
     173      79     173
     169      78     171
     166      77     169
     163      76     167
     160      75     165
     153      73     163
     147      72     161
     140      70     158
     134      68     156
     127      67     154
     121      65     152
     114      64     150
     108      62     148
     101      61     146
      95      59     144
      93      58     142
      91      57     139
      89      56     136
      87      55     134
      84      54     131
      82      53     129
      80      52     126
      78      51     124
      76      50     121
      74      49     118
      71      47     115
      69      45     112
      66      43     109
      63      41     106
      61      39     103
      58      37     100
      56      35      97
      53      32      94
      51      30      91
      49      29      89
      48      28      87
      47      27      86
      46      26      84
      45      25      83
      44      24      81
      43      23      79
      42      22      78
      41      21      76
      40      20      75
      40      19      85
      40      18      98
      40      17     112
      40      16     126
      40      15     140
      40      14     153
      40      13     167
      40      12     181
      40      11     195
      40      10     208
      39      14     212
      39      19     214
      38      24     217
      38      29     219
      37      35     222
      36      40     225
      36      45     227
      35      50     230
      35      55     232
      34      60     235
      34      64     235
      33      68     236
      33      72     236
      32      76     237
      32      80     237
      31      84     238
      31      89     238
      30      93     239
      30      97     239
      30     101     240
      31     105     240
      32     110     241
      33     115     241
      34     119     242
      35     124     242
      36     128     243
      37     133     243
      38     138     244
      39     142     244
      42     146     245
      46     148     245
      50     150     245
      54     152     245
      58     154     245
      62     156     245
      66     158     245
      70     160     245
      74     162     245
      78     164     245
      82     166     245
      86     168     245
      90     170     246
      95     172     246
      99     174     247
     103     176     247
     107     178     248
     111     180     248
     115     182     249
     119     184     249
     122     187     250
     125     189     250
     128     192     250
     131     194     250
     134     197     250
     138     200     250
     141     202     250
     144     205     250
     147     207     250
     150     210     250
     153     213     250
     156     216     250
     159     219     250
     162     222     250
     165     225     250
     168     228     250
     171     231     250
     174     234     250
     177     237     250
     181     240     250
     185     241     250
     190     243     251
     195     245     251
     199     246     252
     204     248     252
     208     249     253
     213     251     253
     217     252     254
     222     254     254
     226     254     251
     229     254     242
     232     253     233
     235     253     224
     238     252     216
     241     252     207
     244     251     199
     247     251     190
     250     250     181
     253     250     172
     255     248     166
     255     246     161
     255     245     156
     255     243     151
     255     241     146
     255     239     141
     255     237     136
     255     235     130
     255     234     125
     255     232     120
     255     228     114
     255     224     108
     255     220     102
     255     216      96
     255     212      90
     255     208      84
     255     204      78
     255     200      72
     255     195      65
     255     191      59
     255     188      53
     255     185      47
     255     182      41
     255     178      35
     255     175      29
     255     172      23
     255     169      16
     255     165      10
     255     162       4
     255     158       0
     255     151       0
     255     145       0
     255     138       0
     255     132       0
     255     125       0
     255     119       0
     255     112       0
     255     106       0
     255      99       0
     255      94       0
     255      89       0
     255      84       0
     255      79       0
     255      75       0
     255      70       0
     255      65       0
     255      61       0
     255      56       0
     255      51       0
     253      48       0
     250      45       0
     247      42       0
     243      38       0
     240      35       0
     237      32       0
     234      29       0
     231      26       0
     228      23       0
     225      20       0
     222      18       0
     218      16       0
     215      14       0
     212      12       0
     208      10       0
     205       8       0
     202       6       0
     198       4       0
     195       2       0
     192       0       0
