       0       0       0
       5       5      15
      12      12      27
       0       0      20
       5       5      32
       0       0      37
       7       7      58
       9       9      64
       0       0      61
       7       7      73
       0       0      76
       8       8      97
       6       6      99
       2       2     102
       8       8     111
       0       0     115
       8       8     135
       3       3     137
       5       5     145
       8       8     150
       0       0     156
       7       7     173
       1       1     174
       8       8     185
       8       8     190
       0       0     196
       6       6     211
       0       0     213
      11      11     225
       6       6     227
       0       0     235
       4       4     250
       0       0     255
      14      23     255
       4      15     255
       0      19     255
       2      37     255
       1      42     255
      14      62     255
       1      53     255
       2      60     255
       1      73     255
       4      84     255
      14      98     255
       0      93     255
       4     101     255
       0     111     255
       6     125     255
      12     134     255
       0     133     255
       6     142     255
       0     149     255
       8     166     255
       9     170     255
       0     172     255
       7     181     255
       0     188     255
       8     206     255
       5     207     255
       3     213     255
       8     219     255
       0     228     255
       8     243     255
       2     246     255
       6     255     255
       8     253     250
       0     251     241
       8     246     229
       1     245     225
      11     244     218
       9     242     216
       0     239     204
       8     235     193
       1     234     188
      16     232     181
       8     230     176
       2     227     168
       7     223     155
       4     222     149
      18     221     147
       7     219     140
       5     215     132
       6     211     118
       7     209     112
      20     209     113
       6     206     100
       8     204      96
       6     199      81
       9     197      76
      19     198      77
       5     193      61
      11     193      59
       6     188      44
      12     187      39
      18     186      40
       7     181      24
      13     181      24
      12     180      12
      36     188      21
      38     187      22
      38     188      14
      49     192      20
      51     191      10
      72     198      19
      73     198      16
      79     200      15
      88     204      18
      89     203       7
     110     210      17
     109     209      10
     120     213      15
     125     214      15
     128     215       6
     145     222      13
     146     222       7
     159     226      16
     161     226      12
     167     228       4
     183     232      10
     185     233       3
     197     238      17
     199     237       9
     205     239       3
     220     244       5
     224     245       2
     235     249      16
     236     249       3
     242     251       3
     255     254       1
     255     250       2
     255     249      14
     255     247       0
     255     245       3
     255     239       0
     255     236       5
     255     235      13
     255     232       0
     255     230       5
     255     225       0
     255     222       7
     255     221      10
     255     218       0
     255     216       7
     255     211       0
     255     206       8
     255     206       7
     255     203       2
     255     202       8
     255     196       0
     255     193       8
     255     191       4
     255     189       4
     255     187       8
     255     181       0
     255     179       8
     255     176       1
     255     176       8
     255     173       8
     255     167       0
     255     162       6
     255     158       0
     255     156      11
     255     151       6
     255     144       0
     255     137       5
     255     132       0
     255     133      13
     255     126       4
     255     120       0
     255     110       3
     255     106       1
     255     109      14
     255      99       2
     255      95       2
     255      85       1
     255      80       3
     255      86      14
     255      72       0
     255      72       4
     255      59       0
     255      57       5
     255      59      12
     255      45       0
     255      46       6
     255      33       0
     255      32       7
     255      32       9
     255      20       0
     255      22       7
     255       7       0
     255       8       8
     252       6       8
     248       2       7
     246       8      17
     238       0      11
     229       8      29
     227       3      26
     222       5      32
     220       8      36
     212       0      33
     204       7      48
     200       0      45
     197       9      56
     194       8      57
     185       0      54
     178       6      68
     174       0      64
     172      12      80
     167       6      76
     160       0      76
     152       4      87
     147       0      86
     148      14     100
     142       4      95
     135       1      97
     125       2     106
     122       1     109
     124      14     121
     113       1     115
     110       2     119
      99       0     126
      95       4     133
      99      14     140
      87       1     136
      95      11     140
      99      18     145
     111      37     152
     117      47     158
     114      41     155
     121      52     160
     124      56     162
     138      77     172
     141      81     173
     141      82     174
     148      92     179
     149      96     181
     163     116     189
     164     117     190
     168     123     193
     174     130     198
     176     136     199
     188     155     207
     189     155     208
     196     165     212
     198     169     214
     202     176     218
     214     192     225
     215     194     226
     222     205     232
     223     209     233
     229     215     236
     238     229     243
     246     243     248
     249     246     250
     255     255     255
     159     159     159
