      43     181     204
      43     180     204
      43     181     205
      43     182     205
      44     182     204
      45     181     203
      45     180     200
      46     180     200
      45     181     202
      43     182     204
      44     182     203
      44     180     202
      44     182     203
      45     183     203
      45     183     201
      44     182     200
      43     182     199
      44     182     200
      45     178     201
      45     176     200
      46     176     201
      46     177     202
      45     177     202
      44     177     201
      43     177     198
      44     177     198
      44     177     198
      43     176     197
      43     175     196
      46     173     196
      49     172     197
      48     171     195
      49     171     195
      50     170     196
      49     170     195
      51     169     194
      56     166     195
      58     165     195
      57     165     195
      57     166     195
      58     165     195
      57     163     194
      57     165     195
      61     165     196
      66     163     196
      66     163     195
      66     164     196
      68     165     197
      68     165     197
      75     165     198
      78     163     198
      80     161     197
      85     163     200
      91     165     204
      91     166     204
      89     169     203
      91     170     204
      95     169     205
     100     170     208
     103     172     210
     108     173     212
     111     173     213
     114     172     214
     119     173     216
     123     174     219
     125     176     219
     127     177     218
     131     178     220
     134     178     222
     138     179     223
     143     181     225
     146     179     227
     150     178     230
     155     181     233
     158     180     234
     161     181     235
     165     181     236
     171     183     237
     173     183     238
     175     184     239
     176     185     240
     178     185     241
     183     184     244
     187     185     246
     188     186     248
     186     186     247
     187     186     247
     190     187     249
     194     186     250
     195     186     252
     193     184     250
     191     182     247
     193     184     249
     196     185     253
     196     182     253
     196     183     253
     196     182     252
     195     182     251
     195     181     252
     194     181     251
     194     180     252
     195     177     253
     196     175     253
     195     176     252
     193     174     251
     194     172     251
     196     172     252
     196     171     252
     195     170     251
     194     168     250
     194     165     251
     193     164     250
     191     163     250
     191     162     251
     189     160     251
     187     157     251
     186     156     250
     185     154     251
     184     151     251
     183     150     250
     181     148     248
     177     143     246
     178     142     252
     179     142     255
     177     141     255
     176     139     254
     174     137     252
     171     135     253
     168     134     255
     167     133     254
     164     130     252
     162     128     250
     160     126     248
     161     125     251
     158     122     251
     155     119     248
     153     118     247
     152     116     245
     149     113     245
     146     112     245
     144     110     243
     142     108     242
     140     106     239
     139     104     238
     137     102     238
     136     101     239
     134      99     237
     132      98     234
     131      96     233
     131      94     233
     130      92     233
     127      89     230
     127      88     230
     126      88     230
     126      87     229
     129      86     225
     131      85     222
     129      84     221
     128      84     222
     128      83     219
     129      81     214
     130      82     215
     133      82     216
     133      82     217
     135      81     216
     141      81     213
     145      82     211
     146      81     211
     148      82     209
     150      83     208
     154      82     206
     160      82     204
     163      81     203
     166      81     203
     169      82     205
     173      83     203
     178      82     197
     183      83     194
     186      85     195
     189      84     191
     192      85     190
     198      85     191
     205      84     189
     208      84     188
     213      86     187
     217      87     185
     220      88     184
     223      87     186
     228      88     188
     233      90     188
     235      90     186
     238      91     185
     243      92     182
     248      93     180
     251      96     181
     251      97     183
     251      96     183
     252      98     183
     247     101     182
     246     104     182
     246     102     181
     248     104     183
     251     107     188
     252     110     188
     251     111     187
     252     114     189
     252     118     191
     251     120     192
     252     123     195
     252     126     196
     251     130     198
     251     133     200
     250     135     201
     251     139     205
     251     143     207
     250     145     208
     251     149     211
     250     152     214
     251     156     216
     252     159     219
     253     162     222
     253     165     226
     252     169     229
     253     172     230
     254     176     233
     253     180     236
     253     182     238
     254     185     241
     253     188     243
     254     192     246
     255     196     248
     254     197     249
     253     198     250
     254     201     251
     254     205     253
     253     207     254
     254     209     255
     254     211     255
     254     211     255
     254     211     255
     254     210     255
     255     212     255
     251     208     251
     249     205     248
     254     210     253
     255     213     255
     255     212     254
     255     212     254
     254     211     255
     254     210     255
     255     212     254
     255     212     254
     255     211     255
     254     210     255
     254     208     255
     255     210     255
