     167     163      74
     151     142      83
     132     121      93
     117     103      96
     114     103     101
     112     100     101
     110      98     102
     108      95     103
     106      93     103
     101      90     107
      98      89     108
      96      87     107
      95      85     109
      93      83     109
      91      79     109
      86      79     112
      83      76     111
      83      75     116
      79      70     116
      78      68     117
      75      66     119
      73      64     119
      71      61     120
      68      58     122
      66      56     124
      64      53     125
      61      55     117
      54      53     116
      47      44     133
      23      20     142
      21      20     153
      17      20     151
      18      21     152
      20      23     154
      21      24     155
      22      25     156
      23      25     156
      21      29     149
      22      31     150
      25      34     153
      25      34     153
      27      36     155
      29      40     151
      31      44     148
      33      45     157
      36      47     161
      37      49     158
      39      53     152
      40      54     163
      44      58     165
      46      60     165
      51      66     168
      58      73     173
      62      79     172
      66      88     171
      73      96     176
      80     104     178
      85     108     179
      91     116     183
      94     121     188
      98     125     192
      99     127     193
     102     130     192
     104     133     193
     105     135     195
     104     139     197
     106     141     198
     110     145     199
     111     147     197
     117     153     202
     115     156     206
     116     158     207
     118     160     208
     119     161     211
     122     164     212
     124     166     214
     125     171     215
     126     173     217
     128     176     219
     128     179     222
     132     183     226
     133     187     224
     134     189     225
     137     193     226
     142     201     232
     147     207     237
     152     213     241
     154     218     245
     161     222     250
     165     225     253
     168     225     254
     167     225     254
     171     223     250
     172     223     250
     174     222     250
     166     210     240
     169     210     240
     175     214     245
     179     212     250
     179     210     248
     183     207     247
     183     205     246
     184     201     244
     185     198     242
     188     192     242
     188     189     240
     190     185     237
     191     181     236
     192     178     232
     194     174     235
     194     170     232
     196     164     233
     199     157     229
     200     150     227
     199     145     227
     199     141     226
     199     135     222
     203     127     218
     205     123     216
     205     118     213
     197     113     207
     193     108     202
     198     108     204
     202     105     204
     201     100     200
     202      97     199
     201      94     198
     199      89     196
     200      87     193
     201      83     193
     197      79     187
     196      79     183
     194      77     182
     192      75     180
     189      72     177
     187      70     175
     185      69     172
     180      68     168
     181      66     167
     176      64     164
     175      61     162
     173      59     160
     171      60     153
     168      58     151
     166      56     148
     164      53     147
     160      51     142
     161      51     143
     154      52     136
     152      47     132
     154      45     131
     151      43     129
     145      40     125
     147      38     123
     145      35     121
     140      32     117
     140      30     116
     135      27     112
     133      25     109
     132      22     103
     128      17      99
     126      15      97
     124      14      95
     121       9      91
     121       7      85
     119       6      84
     117       5      81
     115       2      80
     112       0      77
     113       1      77
     112       4      71
     111       3      71
     107       3      70
     104       2      68
     103       2      68
     106       2      70
     107       1      73
     104       2      73
     105       3      73
     111      11      81
     123      23      93
     130      40     107
     143      59     124
     157      79     141
     158      90     149
     159      98     155
     165     105     162
     172     112     169
     177     119     175
     180     125     180
     185     133     187
     188     140     192
     190     145     200
     193     150     203
     194     155     208
     196     161     211
     198     166     216
     198     168     219
     194     165     219
     191     162     216
     199     170     224
     197     168     222
     196     167     221
     195     168     223
     191     164     219
     189     162     217
     188     161     216
     186     159     214
     185     158     213
     184     156     214
     182     154     212
     181     153     211
     180     152     210
     178     150     208
     176     148     206
     175     147     205
     175     147     205
     174     146     204
     172     144     202
     172     143     201
     172     143     201
     170     141     199
     170     141     199
     164     135     193
     164     135     193
     166     137     195
     166     137     195
     166     137     195
     163     134     192
     162     133     191
     161     132     190
     160     130     189
     156     126     186
     149     119     182
     145     115     178
     138     108     172
     135     104     173
     134     103     173
     133     102     172
     133     102     172
     131     100     170
     129      97     167
     128      98     168
     126      96     166
     125      95     165
     124      94     164
     122      92     162
     122      92     162
     121      91     161
     119      89     159
     119      89     159
     123      93     163
     119      89     159
     121      89     163
     121      88     161
     120      89     165
