     255     255     255
     254     254     254
     255     255     255
       2       2       2
     196     196     196
     189     189     189
     192     192     192
     108     108     108
     151     151     151
     150     150     150
     149     149     149
     159     159     159
      66      66      66
     110     110     110
     110     110     110
     116     116     116
       1       1       1
      80      80      80
      80      79      80
      83      79      76
      13      15      21
     169     221     254
     151     210     247
     156     208     243
     136     190     228
     106     148     193
     119     185     255
     126     183     247
     141     204     255
      25      36      79
      83     163     245
      80     166     244
      80     168     243
       8      18      62
      69     154     242
      67     153     243
      58     153     246
      52     108     179
      52     123     193
      40     130     248
      38     130     246
      66     144     227
      31      48     110
      32     107     238
      23     113     230
      35     110     247
       0       7      40
      26     100     206
      17     100     213
      21      96     211
      12      53     128
      22      92     181
      11      90     193
      11      90     206
      31      91     157
      40       7      94
      66       0     143
      65       0     149
      56      10     147
      19       1      43
      80       3     142
      78       1     143
      72       0     143
      23       0      56
      90       5     144
      85       2     148
      91       1     138
      50      27      85
      79       9     109
     107       0     140
     102       2     140
     105      11     142
      48       4      49
     136       1     139
     134       2     139
     130       7     131
      40       0      39
     163       6     130
     164       1     138
     164       3     128
      95      22      72
     172      21     105
     202       3     121
     196       1     128
     187      24     122
     117       2      61
     232       2     124
     224       6     124
     221      14     121
      67       0      27
     248       4     122
     239       7     124
     244       6     121
     108      13      55
     230      33     130
     241      21     133
     251      16     133
     240      21     129
     169      48     106
     245      61     155
     252      58     158
     239      82     162
      80      17      39
     254      93     167
     252      91     178
     254      93     172
      60       7      33
     250     124     183
     255     107     183
     251     113     189
     203      97     148
     205     126     174
     255     133     195
     255     131     193
     255     162     214
      98      52      74
     241     143     199
     249     138     196
     248     148     200
      21       0      10
     239     156     204
     242     148     202
     233     147     201
     146      91     124
     217     161     198
     230     156     205
     231     156     205
     231     182     217
     132     105     132
     215     177     213
     219     176     215
     222     189     219
      15       1      15
     208     184     214
     211     179     221
     207     186     214
      50      48      60
     205     209     224
     193     200     224
     197     197     228
     197     186     202
     148     171     177
     173     215     239
     186     215     231
     208     234     255
      30      46      51
     171     227     238
     165     229     236
     176     225     234
       1      14      25
     175     244     247
     159     243     243
     157     242     243
     143     181     178
     145     225     227
     145     248     247
     146     246     243
     186     255     255
      73     112     111
     120     221     217
     130     233     233
     145     231     232
       0      10      17
     132     225     221
     125     218     217
     127     220     215
      73      99     109
     129     182     192
     112     187     200
     114     187     198
     127     198     208
      94     121     132
     120     188     202
     124     183     194
     150     190     208
       7      13      21
     128     181     195
     123     184     203
     123     186     197
      17      25      44
     148     185     202
     125     184     199
     125     181     207
     129     164     179
     121     148     171
     125     183     201
     132     178     206
     161     197     219
      34      46      60
     137     175     216
     138     177     203
     146     172     214
       0       1       9
     151     178     212
     139     175     213
     144     171     211
     101     124     148
     144     167     189
     144     172     219
     150     169     215
     174     194     220
      74      97     112
     148     171     213
     147     171     212
     159     176     210
       0       0       6
     156     167     214
     148     171     209
     154     169     207
      49      55      74
     166     167     213
     159     166     205
     154     168     214
     167     172     200
     121     128     155
     163     164     213
     162     162     219
     181     178     223
      21      20      40
     165     161     222
     165     158     229
     166     161     218
       9       8      43
     177     165     227
     174     158     232
     173     157     234
     151     141     178
     155     141     194
     175     154     230
     175     154     231
     196     179     248
      68      57      75
     180     151     241
     178     153     234
     180     157     227
       4       0      25
     183     155     232
     182     148     240
     179     148     241
      98      83     127
     174     150     217
     185     147     237
     187     143     249
     204     166     255
     119      90     144
     189     143     238
     190     146     230
     196     157     243
      13       0      30
     189     148     243
     198     146     245
     187     141     241
      59      44      77
     198     144     240
     202     146     248
     195     136     247
