       1       5      70
      14      52     129
      30      82     189
      46     111     248
      61     139     249
      74     163     234
      87     183     212
     100     200     186
     111     214     160
     122     225     135
     133     234     112
     142     241      93
     152     246      76
     160     249      62
     168     251      50
     176     253      40
     183     252      32
     190     250      25
     196     247      19
     202     244      15
     207     240      11
     212     236       9
     217     232       7
     221     227       5
     225     222       4
     229     216       3
     232     210       2
     235     204       2
     238     198       1
     240     192       1
     242     186       0
     244     180       0
     246     174       0
     248     167       0
     249     161       0
     250     155       0
     251     149       0
     252     144       0
     252     138       0
     253     132       0
     253     127       0
     253     122       0
     252     117       0
     252     112       0
     251     107       0
     251     103       0
     250      98       0
     249      94       0
     248      89       0
     247      85       0
     245      81       0
     244      77       0
     243      74       0
     241      70       0
     240      67       0
     238      64       0
     236      60       0
     235      57       0
     233      55       0
     231      52       0
     229      49       0
     227      47       0
     225      44       0
     223      42       0
     222      41       0
     220      39       0
     218      37       0
     216      35       0
     213      33       0
     211      31       0
     209      30       0
     207      28       0
     204      27       0
     202      25       0
     200      24       0
     198      23       0
     195      21       0
     193      20       0
     191      19       0
     188      18       0
     186      17       0
     184      16       0
     181      15       0
     179      15       0
     177      14       0
     174      13       0
     172      12       0
     170      12       0
     167      11       0
     165      10       0
     163      10       0
     161       9       0
     158       9       0
     156       8       0
     154       8       0
     152       7       0
     150       7       0
     147       6       0
     145       6       0
     143       6       0
     141       5       0
     139       5       0
     137       5       0
     135       4       0
     133       4       0
     130       4       0
     128       4       0
     126       3       0
     124       3       0
     122       3       0
     121       3       0
     119       3       0
     117       2       0
     115       2       0
     113       2       0
     111       2       0
     109       2       0
     108       2       0
     106       2       0
     104       1       0
     102       1       0
     101       1       0
      99       0       0
      97       0       0
      96       0       0
      98       0       2
     100       0       2
     102       1       2
     103       1       4
     106       1       4
     110       1       8
     114       2       8
     119       3      10
     122       4      10
     126       4      11
     130       5      13
     134       6      14
     138       7      15
     141       8      16
     145       9      18
     149      10      18
     153      11      19
     157      12      19
     161      13      20
     164      14      20
     166      15      21
     169      15      21
     172      16      22
     174      16      22
     176      17      23
     178      17      23
     181      18      24
     183      18      24
     185      19      25
     188      20      25
     190      20      26
     193      21      26
     195      21      27
     197      22      27
     200      22      28
     202      23      28
     204      25      29
     207      27      30
     210      30      31
     212      33      32
     213      34      33
     216      36      33
     218      38      34
     220      41      35
     222      43      36
     225      45      37
     227      47      38
     229      49      39
     231      51      40
     233      54      41
     236      56      42
     238      58      43
     239      61      45
     239      64      47
     240      68      48
     241      71      51
     242      73      52
     242      76      54
     243      79      56
     244      82      58
     245      85      60
     245      88      62
     246      90      64
     247      93      65
     248      96      67
     248      99      69
     249     102      71
     250     105      73
     251     108      76
     251     111      79
     251     113      81
     251     115      83
     251     118      86
     251     120      88
     251     123      91
     251     125      93
     251     128      96
     251     131      99
     251     133     101
     251     135     103
     251     138     106
     251     140     108
     251     143     111
     251     145     113
     251     148     116
     251     152     121
     251     153     122
     251     156     125
     251     158     128
     251     161     131
     251     163     134
     251     166     137
     251     168     140
     251     172     144
     251     174     146
     251     176     149
     251     179     152
     251     181     155
     251     184     158
     251     186     161
     252     190     165
     252     191     167
     252     193     170
     252     196     173
     252     199     178
     252     200     179
     252     203     182
     252     205     185
     253     208     190
     253     210     191
     253     212     194
     253     214     198
     253     218     202
     253     219     204
     253     221     207
     253     224     210
     254     225     211
     254     226     214
     254     227     215
     254     229     218
     254     230     219
     254     232     222
     254     233     223
     254     234     224
     254     235     226
     254     236     228
     254     238     230
     254     239     232
     254     240     234
     254     242     236
     254     244     239
