      22      12      29
      45      29      56
      40      25      53
      39      25      54
      38      27      57
      49      38      66
      55      44      75
      43      35      67
      46      38      70
      46      39      72
      56      51      85
      53      48      85
      54      49      86
      57      53      91
      52      50      89
      56      55      95
      57      57      97
      68      70     109
      62      64     106
      59      62     105
      59      64     108
      68      74     117
      71      78     124
      64      71     117
      72      79     127
      68      77     126
      71      82     131
      75      87     137
      73      86     138
      77      92     145
      75      92     147
      82      98     151
      85     101     156
      78      96     155
      80      99     158
      84     102     162
      94     111     166
      88     105     164
      88     105     163
      89     105     164
      93     108     166
      96     109     166
      96     109     166
     103     115     170
      97     109     167
      99     110     168
      99     109     168
     110     119     174
     110     118     173
     104     112     170
     108     115     172
     109     115     173
     115     120     176
     113     116     175
     116     117     176
     122     123     180
     119     119     177
     121     121     178
     127     125     180
     121     119     175
     123     120     176
     119     117     172
     118     115     170
     116     113     168
     118     114     169
     122     118     169
     113     108     163
     112     108     161
     111     106     160
     116     111     161
     113     107     157
     110     103     155
     111     103     154
     108     100     151
     110     101     151
     107      97     147
     104      95     144
     107      97     145
     103      92     140
     101      91     138
     106      94     140
      99      87     134
      99      85     133
     103      90     134
      96      82     127
     100      85     128
      97      82     127
      94      78     123
      93      77     120
      95      79     122
     101      84     125
      91      74     116
      88      72     114
      87      70     112
      98      81     121
     103      84     124
      98      79     120
     107      89     129
     106      88     128
     113      94     134
     112      95     132
     123     105     143
     125     107     145
     123     103     142
     135     117     153
     136     118     154
     136     116     154
     140     120     157
     145     126     161
     155     136     170
     153     132     168
     155     134     170
     158     137     172
     163     143     177
     167     148     181
     170     149     182
     176     155     188
     181     160     193
     179     158     193
     189     167     198
     188     166     198
     191     170     202
     195     172     205
     204     183     211
     205     184     213
     205     183     213
     215     194     222
     218     195     223
     218     195     224
     225     204     231
     230     207     233
     231     208     235
     237     214     241
     242     218     245
     244     220     247
     248     224     248
     246     220     245
     243     217     242
     241     214     238
     239     210     234
     237     207     230
     236     203     227
     235     203     224
     233     202     221
     230     196     216
     228     193     214
     226     191     210
     226     189     207
     224     185     204
     223     182     201
     221     181     198
     218     176     193
     216     175     191
     213     170     186
     211     166     181
     210     165     179
     208     160     174
     206     157     170
     205     156     169
     200     150     161
     199     146     158
     198     146     157
     195     140     150
     197     140     151
     194     138     147
     190     132     141
     189     129     138
     189     129     137
     195     137     141
     194     134     134
     193     131     130
     196     133     128
     200     137     129
     205     140     129
     202     138     125
     207     143     126
     208     141     121
     211     142     121
     215     147     121
     216     146     115
     219     149     115
     222     149     112
     224     154     115
     226     157     115
     227     153     106
     229     154     105
     232     157     105
     236     162     110
     234     158     103
     234     156     103
     231     154     102
     230     152     101
     229     151     101
     226     146      99
     225     145      99
     223     144      99
     222     142      96
     222     143     102
     219     137      94
     218     134      93
     216     132      91
     215     135      98
     215     133      97
     211     124      87
     210     128      95
     210     126      95
     205     117      84
     206     121      90
     205     119      93
     200     110      83
     200     110      83
     197     107      81
     196     111      88
     190     103      80
     189     102      81
     186     100      78
     182      95      74
     179      93      73
     177      92      74
     178      96      79
     171      86      70
     168      82      66
     165      79      64
     166      84      70
     161      80      69
     159      74      61
     156      74      63
     151      68      58
     150      69      60
     144      64      57
     141      59      53
     142      61      56
     133      53      49
     138      59      56
     134      58      56
     128      51      50
     126      52      52
     126      55      56
     130      65      68
     121      55      57
     121      55      58
     117      53      58
     119      60      65
     115      59      66
     113      57      64
     116      64      72
     107      56      65
     106      57      67
     103      56      67
     110      69      80
     104      64      77
      98      56      71
      97      59      73
      97      61      76
     101      69      86
      58      37      48
