     245     126     232
     245     117     230
     245     109     228
     246     100     227
     246      92     225
     246      83     225
     245      74     225
     244      64     226
     243      55     226
     243      46     226
     239      36     223
     235      27     219
     232      18     215
     228       9     211
     222       2     205
     211       2     194
     200       2     184
     189       2     173
     178       2     163
     170       1     155
     164       1     149
     157       1     142
     151       1     136
     144       0     129
     136       0     121
     128       0     113
     121       0     106
     113       0      98
     108       0      94
     103       0      91
      99       0      89
      95       0      87
      91       0      84
      86       0      79
      80       0      75
      75       0      70
      70       0      65
      63       0      74
      56       2      93
      48       3     111
      41       5     130
      34       7     149
      36       9     152
      38      12     155
      41      15     158
      43      18     162
      46      21     165
      49      24     169
      52      28     172
      54      31     176
      57      34     179
      65      43     180
      74      52     182
      82      61     183
      91      70     184
      97      76     185
      99      78     186
     102      79     187
     104      81     188
     106      82     189
     112      88     191
     120      95     193
     127     102     196
     134     109     198
     142     118     200
     150     132     201
     159     147     202
     168     161     203
     177     175     204
     176     181     197
     172     183     185
     168     185     174
     163     188     163
     158     189     152
     145     187     139
     132     185     126
     119     183     113
     107     180     101
      95     179      89
      84     177      77
      73     176      66
      62     174      55
      51     172      43
      45     166      37
      39     160      30
      34     155      24
      28     149      17
      24     138      33
      22     122      73
      20     106     113
      18      90     153
      16      74     193
      17      75     203
      19      77     212
      21      79     220
      23      81     228
      26      86     235
      32      96     238
      37     105     241
      42     115     244
      48     125     247
      52     130     248
      55     135     248
      59     140     248
      63     145     248
      68     150     247
      76     154     247
      84     158     247
      92     163     247
     100     167     247
     107     174     246
     112     183     245
     118     191     244
     124     199     243
     130     207     243
     138     214     245
     147     220     248
     155     226     250
     163     232     253
     178     237     253
     198     241     252
     217     245     252
     236     250     251
     254     253     251
     254     253     251
     253     253     252
     252     253     253
     252     253     254
     252     253     243
     252     253     220
     252     254     197
     252     254     175
     252     254     152
     253     248     144
     253     240     138
     253     233     132
     253     226     125
     252     218     120
     252     210     115
     251     202     110
     251     194     106
     251     186     101
     251     178      96
     251     171      90
     252     163      85
     252     156      79
     253     148      74
     253     141      69
     253     133      63
     253     125      58
     253     118      53
     251     111      48
     249     104      44
     247      98      40
     244      91      36
     243      84      32
     244      77      29
     246      70      27
     247      63      24
     249      56      21
     245      50      19
     238      43      16
     230      37      13
     223      30      10
     216      24       8
     212      23       8
     207      21       8
     202      19       8
     198      17       8
     193      16       8
     188      14       8
     182      12       9
     177      10       9
     172       9       9
     166       7      10
     161       5      10
     155       3      10
     150       1      10
     145       0      10
     140       0      10
     136       0      10
     132       0      10
     127       0      10
     121       0       9
     114       0       7
     107       0       6
     100       0       5
      95       0       4
      92       0       4
      89       0       4
      86       0       4
      83       0       4
      80       0       4
      76       0       4
      72       0       5
      68       0       5
      65       1       7
      68      11      14
      72      21      21
      75      31      28
      78      41      35
      82      47      40
      87      51      44
      91      54      47
      95      58      51
     100      62      55
     103      66      58
     106      71      62
     110      75      65
     113      79      69
     120      86      75
     131      95      84
     142     104      93
     153     113     102
     164     121     111
     175     128     119
     186     134     126
     197     140     133
     208     146     140
     217     154     150
     224     165     162
     231     176     174
     238     187     186
     245     198     198
     247     197     195
     248     193     189
     249     190     184
     251     187     178
     251     181     172
     249     171     166
     248     162     159
     246     152     152
     245     142     145
     240     134     138
     235     127     132
     229     119     125
     224     112     119
     219     105     112
     217      99     104
     215      92      97
     212      86      89
     210      80      82
     208      75      77
     205      71      73
     203      66      70
     201      62      66
     198      58      62
     196      53      59
     194      48      55
     192      43      52
     190      39      48
     186      34      45
     180      31      42
     174      27      40
     168      23      37
     162      20      35
