     245     126     232
     245     120     231
     245     115     230
     245     109     229
     246     104     228
     246      99     227
     246      93     226
     246      88     225
     246      82     225
     245      76     225
     245      70     225
     244      64     226
     244      58     226
     243      52     226
     243      46     226
     240      40     224
     238      34     222
     236      28     219
     233      22     217
     231      16     214
     228      10     212
     226       4     209
     220       2     203
     213       2     197
     206       2     190
     199       2     183
     192       2     176
     185       2     170
     178       2     163
     173       1     158
     168       1     153
     164       1     149
     160       1     145
     156       1     141
     151       1     136
     147       1     132
     143       0     128
     138       0     123
     133       0     118
     128       0     113
     123       0     108
     118       0     103
     113       0      98
     109       0      95
     106       0      93
     104       0      92
     101       0      90
      98       0      89
      96       0      87
      93       0      85
      90       0      83
      87       0      80
      83       0      77
      80       0      74
      77       0      71
      73       0      68
      70       0      65
      66       0      68
      61       1      79
      56       2      91
      51       3     104
      47       4     116
      42       5     127
      37       6     139
      34       7     149
      35       9     151
      37      11     153
      39      12     155
      40      14     158
      42      16     160
      43      18     162
      45      20     164
      47      22     168
      48      24     172
      50      26     176
      52      28     180
      54      30     184
      56      33     188
      58      35     192
      63      41     196
      69      47     200
      74      52     204
      80      58     208
      85      64     212
      91      70     216
      97      76     220
      98      76     222
      99      77     224
     101      78     226
     102      79     228
     104      80     230
     105      81     232
     106      82     234
     111      87     237
     115      91     239
     120      96     241
     124     100     243
     129     105     246
     133     109     248
     138     114     250
     137     125     250
     136     138     248
     135     151     247
     133     164     246
     132     177     245
     130     190     244
     129     203     243
     133     209     244
     138     213     245
     143     217     247
     149     221     248
     154     225     250
     159     229     251
     165     233     253
     175     236     253
     187     239     253
     200     242     252
     212     244     252
     224     247     252
     237     250     251
     249     252     251
     254     253     251
     254     253     251
     253     253     252
     253     253     253
     253     253     253
     252     253     254
     252     253     254
     252     253     247
     252     253     232
     252     253     218
     252     253     203
     252     254     188
     252     254     174
     252     254     159
     253     253     149
     253     248     145
     253     243     141
     253     239     137
     253     234     132
     253     229     128
     253     225     124
     252     220     121
     252     215     118
     252     209     115
     252     204     112
     251     199     109
     251     194     106
     251     188     103
     251     183     100
     251     179      96
     251     174      93
     251     169      89
     252     164      85
     252     159      82
     252     155      78
     253     150      75
     253     145      72
     253     140      68
     253     135      65
     253     130      61
     253     125      58
     253     120      55
     252     115      51
     251     111      49
     250     107      46
     248     102      43
     247      98      41
     245      94      38
     244      90      35
     243      86      33
     243      81      31
     244      76      29
     245      72      27
     246      67      26
     247      63      24
     248      58      22
     249      54      21
     245      50      19
     241      46      17
     236      42      15
     231      37      13
     227      33      11
     222      29      10
     217      25       8
     214      24       8
     211      22       8
     208      21       8
     205      20       8
     202      19       8
     199      18       8
     196      17       8
     190      15       8
     183      12       8
     176      10       8
     170       8       9
     163       5       9
     156       3       9
     149       0       9
     142       0       9
     134       0       8
     127       0       8
     120       0       7
     113       0       6
     106       0       6
      98       0       5
      93       0       5
      89       0       5
      84       0       5
      80       0       5
      75       0       5
      71       0       5
      67       0       5
      67       4       9
      72      13      16
      77      21      23
      82      30      30
      87      39      37
      92      48      44
      97      56      50
     100      63      55
     103      66      58
     105      68      60
     107      71      62
     109      74      64
     111      77      67
     113      80      69
     117      83      72
     124      89      78
     131      95      84
     138     100      90
     145     106      96
     152     112     101
     159     117     107
     167     122     113
     179     125     117
     190     127     122
     201     130     126
     212     132     131
     224     135     135
     235     137     140
     244     138     142
     239     129     133
     234     121     124
     229     112     115
     224     103     106
     219      94      97
     214      86      88
     209      77      79
     206      71      74
     204      65      70
     201      60      65
     198      54      60
     195      48      56
     192      42      51
     190      37      47
