     245     126     232
     245     116     230
     246     106     228
     246      96     226
     246      86     225
     245      75     225
     244      64     226
     243      53     226
     241      42     225
     237      31     221
     232      20     216
     228       9     211
     220       2     203
     207       2     191
     194       2     179
     181       2     166
     171       1     156
     163       1     148
     156       1     141
     148       1     133
     139       0     124
     130       0     115
     121       0     106
     112       0      97
     106       0      93
     102       0      90
      97       0      87
      92       0      85
      86       0      79
      79       0      74
      73       0      68
      67       0      65
      58       1      88
      49       3     110
      40       5     132
      34       7     149
      37      11     153
      40      14     157
      43      17     161
      46      21     166
      49      25     173
      52      29     181
      56      33     188
      63      40     195
      73      50     202
      83      61     210
      93      72     217
      98      77     222
     101      78     226
     103      80     230
     106      82     234
     113      89     238
     121      97     242
     129     105     246
     138     114     250
     148     125     251
     158     137     251
     169     149     251
     179     161     251
     188     175     252
     197     188     253
     206     201     254
     214     214     253
     218     224     245
     221     235     237
     225     245     229
     222     252     218
     206     252     200
     190     252     181
     174     252     163
     162     251     150
     155     250     142
     148     248     134
     141     247     126
     133     246     118
     123     244     111
     114     243     104
     104     242      97
      96     242      89
      88     242      80
      80     243      71
      72     243      63
      66     235      57
      61     226      53
      56     216      48
      52     207      44
      47     197      38
      42     188      33
      37     179      27
      32     171      22
      30     164      20
      28     157      18
      26     150      15
      24     140      26
      22     121      73
      19     103     121
      17      84     168
      16      74     200
      19      76     209
      21      79     219
      23      81     229
      28      89     235
      34     100     239
      40     111     243
      47     123     246
      51     130     248
      56     136     248
      60     142     248
      65     147     248
      73     153     247
      83     158     247
      92     163     247
     102     168     247
     109     178     246
     116     188     244
     122     198     243
     129     207     243
     139     214     246
     149     222     248
     159     229     251
     172     236     253
     194     241     253
     217     245     252
     240     250     251
     254     253     251
     253     253     252
     253     253     253
     252     253     254
     252     253     241
     252     253     214
     252     254     187
     252     254     160
     253     249     146
     253     241     138
     253     232     131
     253     223     123
     252     214     117
     252     205     112
     251     195     106
     251     185     101
     251     176      95
     251     168      88
     252     159      82
     253     150      75
     253     141      69
     253     132      63
     253     123      57
     252     114      51
     249     106      46
     247      99      41
     244      91      36
     243      83      32
     245      75      28
     247      66      25
     249      58      22
     246      50      19
     237      43      16
     229      35      12
     220      28       9
     213      23       8
     208      21       8
     202      19       8
     197      17       8
     191      15       8
     185      13       8
     179      11       9
     172       9       9
     166       6      10
     159       4      10
     153       2      10
     147       0      10
     141       0      10
     136       0      10
     131       0      10
     125       0       9
     117       0       8
     109       0       7
     101       0       5
      95       0       4
      91       0       4
      88       0       4
      84       0       4
      81       0       4
      76       0       4
      71       0       5
      67       0       5
      67       6      10
      71      18      18
      74      29      27
      78      41      35
      83      48      41
      88      52      45
      93      56      49
      99      61      54
      99      62      55
      98      62      56
      97      62      57
      96      62      58
     100      67      61
     105      72      65
     110      77      68
     115      82      71
     121      87      76
     127      91      81
     133      96      86
     139     101      91
     146     106      96
     153     112     102
     160     118     108
     167     123     113
     173     128     117
     179     133     122
     185     138     126
     191     145     134
     198     154     144
     205     163     154
     212     171     165
     218     181     173
     223     191     181
     227     200     188
     232     210     196
     236     217     202
     239     223     209
     242     229     215
     245     235     221
     246     235     221
     247     234     221
     248     232     221
     249     231     220
     249     219     213
     250     207     207
     251     194     200
     251     182     192
     249     171     179
     248     159     166
     246     147     153
     242     137     141
     236     128     133
     230     120     126
     223     111     118
     218     103     110
     216      96     101
     213      88      92
     211      81      83
     208      75      77
     205      70      72
     202      65      68
     199      60      64
     197      54      59
     194      49      55
     192      43      51
     190      37      47
     183      33      44
     176      28      41
     169      24      38
     162      20      35
