      84     229     151
      84     229     151
      84     229     151
      84     229     151
      84     229     151
      82     227     154
      96     239     130
      97     240     130
      97     240     130
      97     240     130
      95     239     130
     107     244     122
     115     247     116
     115     247     117
     115     247     117
     115     247     117
     123     248     121
     151     254     134
     148     254     133
     148     254     133
     148     254     133
     147     254     132
     159     254     135
     158     254     135
     158     254     135
     158     254     135
     156     254     134
     170     253     135
     173     253     136
     173     253     136
     173     253     136
     172     252     135
     176     253     137
     180     254     139
     180     254     139
     180     254     139
     180     254     139
     181     254     139
     190     254     140
     189     254     140
     189     254     140
     189     254     140
     187     254     139
     197     252     141
     197     253     141
     197     253     141
     197     253     141
     195     252     140
     204     253     143
     207     254     144
     207     254     144
     207     254     144
     206     254     143
     210     254     144
     215     254     146
     215     254     146
     215     254     146
     215     254     146
     215     254     146
     224     254     147
     223     254     147
     223     254     147
     223     254     147
     221     254     146
     231     254     149
     231     254     149
     231     254     149
     231     254     149
     231     254     149
     229     254     148
     237     253     150
     238     253     151
     238     253     151
     238     253     151
     237     252     150
     243     253     152
     247     254     154
     247     254     154
     247     254     154
     247     254     154
     248     254     154
     254     254     155
     254     254     155
     254     254     155
     254     254     155
     254     254     155
     252     251     150
     253     252     151
     253     252     151
     253     252     151
     252     252     151
     253     248     149
     254     248     149
     254     248     149
     254     248     149
     254     248     149
     253     245     147
     252     241     145
     253     242     146
     253     242     146
     253     242     146
     253     241     146
     254     237     146
     254     238     146
     254     238     146
     254     238     146
     254     238     146
     252     232     139
     253     233     140
     253     233     140
     253     233     140
     252     233     140
     253     227     136
     254     225     135
     254     225     135
     254     225     135
     254     225     135
     253     222     131
     252     218     126
     253     219     127
     253     219     127
     253     219     127
     253     218     126
     254     214     120
     254     215     121
     254     215     121
     254     215     121
     254     216     120
     253     206     125
     253     206     125
     253     206     125
     253     206     125
     253     206     124
     251     204     126
     249     202     128
     250     203     128
     250     203     128
     250     203     128
     250     203     127
     248     199     129
     247     196     131
     248     197     131
     248     197     131
     248     197     131
     247     197     131
     245     197     134
     246     197     134
     246     197     134
     246     197     134
     246     197     133
     243     197     136
     244     197     136
     244     197     136
     244     197     136
     244     197     135
     242     190     138
     242     190     139
     242     190     139
     242     190     139
     242     190     138
     241     189     141
     239     187     143
     240     188     143
     240     188     143
     240     188     143
     239     187     143
     237     186     145
     238     187     145
     238     187     145
     238     187     145
     238     186     143
     234     188     153
     235     188     153
     235     188     153
     235     188     153
     235     187     151
     235     192     161
     235     194     164
     235     194     164
     235     194     164
     235     193     163
     233     195     167
     231     197     172
     232     197     172
     232     197     172
     232     197     172
     231     197     172
     229     200     177
     230     200     177
     230     200     177
     230     200     177
     231     200     176
     223     198     179
     223     198     179
     223     198     179
     223     198     179
     223     197     178
     221     198     181
     220     199     183
     221     199     183
     221     199     183
     221     199     183
     221     201     186
     224     207     195
     224     207     194
     224     207     194
     224     207     194
     224     207     194
     225     208     196
     228     214     203
     228     214     203
     228     214     203
     228     214     203
     227     213     202
     232     221     213
     232     221     212
     232     221     212
     232     221     212
     231     220     211
     234     225     218
     235     226     219
     235     226     219
     235     226     219
     234     225     218
     237     228     222
     239     231     225
     239     231     225
     239     231     225
     239     231     225
     239     231     226
     243     238     235
     243     238     234
     243     238     234
     243     238     234
     242     237     233
     246     240     236
     246     240     236
     246     240     236
     246     240     236
     245     239     234
     249     246     245
     250     249     248
     250     249     248
     250     249     248
     249     248     247
     251     251     250
     255     255     255
     255     255     255
     255     255     255
     255     255     255
     255     255     255
     255     255     255
     255     255     255
     255     255     255
     255     255     255
     255     255     255
