      15      72     128
      30     121     209
     129     198     231
       4      99      68
       3     100      67
       4     101      66
       5     102      65
       3     105      65
       4     105      62
       4     106      60
       6     108      61
       7     109      61
       6     108      59
       8     110      57
       8     111      58
       8     111      57
      10     113      56
      10     114      53
      11     115      53
      12     117      50
      15     120      53
      13     118      50
      14     120      49
      16     122      51
      15     121      52
      17     120      49
      18     122      47
      21     123      49
      24     127      48
      29     127      50
      33     130      53
      38     130      54
      43     133      56
      46     134      58
      50     136      58
      53     140      62
      58     141      61
      64     143      64
      68     145      67
      72     145      66
      75     147      69
      81     150      70
      84     151      72
      89     152      74
      93     154      76
      97     155      79
     101     157      76
     107     162      81
     109     161      80
     114     163      82
     118     165      84
     123     166      84
     127     170      88
     131     170      87
     135     173      90
     140     174      92
     143     177      93
     145     178      95
     151     180      95
     159     182      99
     161     183      98
     167     187     102
     170     188     102
     171     190     104
     177     192     106
     183     193     106
     186     195     109
     192     196     109
     195     199     112
     200     201     113
     204     202     115
     209     205     117
     212     205     117
     215     207     117
     220     209     119
     225     211     122
     229     213     121
     231     212     120
     230     208     122
     228     209     122
     227     206     117
     226     203     114
     223     199     111
     223     196     109
     222     193     107
     221     191     105
     219     187     102
     216     184      99
     214     181      97
     213     177      93
     212     174      91
     210     171      89
     210     169      87
     208     166      84
     208     163      82
     206     159      79
     205     156      77
     202     154      74
     201     153      71
     200     149      68
     199     146      66
     198     143      63
     196     141      61
     193     138      58
     192     133      55
     189     129      51
     188     126      49
     188     125      48
     187     121      45
     186     118      43
     185     116      41
     184     113      39
     181     109      35
     179     107      33
     179     104      32
     176     102      29
     176      98      26
     172      93      22
     174      90      20
     172      88      18
     169      84      14
     169      82      13
     167      78      10
     165      76       8
     164      72       7
     164      71       4
     161      65       0
     156      66       8
     159      66       5
     159      63       3
     157      61       4
     157      60       4
     155      59       4
     153      58       5
     154      58       7
     152      56       8
     151      53       9
     150      55      10
     148      52      10
     148      52      13
     148      52      13
     146      50      13
     145      48      16
     144      47      15
     143      45      16
     142      44      18
     141      44      18
     141      42      19
     141      42      22
     140      41      21
     139      39      23
     137      37      22
     137      36      23
     134      36      24
     133      35      26
     134      35      28
     133      33      27
     134      31      27
     133      32      28
     130      31      28
     127      28      28
     130      30      37
     126      30      36
     129      33      34
     130      32      33
     128      33      35
     128      38      38
     128      38      40
     128      40      42
     127      42      43
     125      43      44
     126      46      46
     127      48      48
     123      49      48
     127      53      54
     123      53      52
     125      54      56
     122      57      58
     121      60      60
     123      63      65
     120      65      66
     120      68      68
     119      68      70
     117      72      72
     118      72      74
     119      75      75
     117      77      77
     116      80      78
     116      81      80
     117      82      81
     115      83      84
     115      86      85
     116      88      87
     115      88      90
     113      91      90
     113      93      92
     114      95      95
     112      98      97
     113      99      99
     112     101     100
     112     102     103
     111     105     105
     109     105     104
     110     108     107
     112     112     112
     116     118     117
     119     120     120
     122     122     122
     125     125     125
     128     128     128
     131     131     131
     133     133     133
     137     137     137
     140     140     140
     142     142     142
     146     146     146
     148     148     148
     151     151     151
     154     154     154
     158     158     158
     160     160     160
     163     163     163
     167     167     167
     169     169     169
     173     173     173
     175     175     175
     178     178     178
     182     182     182
     186     186     186
     188     188     188
     191     191     191
     194     194     194
     196     196     196
     199     199     199
     202     202     202
     205     205     205
     207     207     207
     210     210     210
     213     213     213
     216     216     216
     219     219     219
     221     221     221
     224     224     224
     227     227     227
     229     229     229
     233     233     233
     236     236     236
     238     238     238
     241     241     241
     244     244     244
     247     247     247
     252     252     252
     254     254     254
     254     254     254
     254     254     254
     255     255     255
