      24      24      24
      31      32      32
      31      32      32
      31      35      35
      31      36      36
      31      38      38
      31      39      39
      31      40      40
      31      42      42
      31      43      43
      31      46      46
      31      46      46
      31      49      49
      31      50      50
      31      50      50
      31      53      53
      31      54      54
      31      57      57
      31      57      57
      31      59      59
      31      61      61
      31      61      61
      31      64      64
      31      65      65
      31      67      67
      31      67      67
      31      68      68
      31      71      71
      31      71      71
      31      74      74
      31      75      75
      31      77      77
      31      78      78
      31      79      79
      31      81      81
      31      82      82
      31      85      85
      31      85      85
      31      87      87
      31      89      89
      31      89      89
      31      92      92
      31      93      93
      31      95      95
      31      95      95
      31      97      97
      31      99      99
      31     100     100
      31     103     103
      31     103     103
      31     105     105
      31     106     106
      31     108     108
      31     110     110
      31     111     111
      31     113     113
      31     113     113
      31     116     116
      31     118     118
      31     118     118
      31     121     121
      31     121     121
      31     123     123
      31     124     124
      31     127     127
      31     128     128
      31     129     129
      31     131     131
      31     131     131
      31     134     134
      31     135     135
      31     136     136
      31     139     139
      31     139     139
      31     141     141
      31     142     142
      31     145     145
      31     146     146
      31     147     147
      31     149     149
      31     150     150
      31     152     152
      31     153     153
      31     156     156
      31     157     157
      31     157     157
      31     160     160
      31     160     160
      31     163     163
      31     164     164
      31     165     165
      31     167     167
      31     168     168
      31     170     170
      31     171     171
      31     174     174
      31     175     175
      31     175     175
      31     178     178
      31     178     178
      31     181     181
      31     182     182
      31     184     184
      31     185     185
      31     186     186
      31     188     188
      31     189     189
      31     192     192
      31     193     193
      31     193     193
      31     196     196
      31     197     197
      31     199     199
      31     200     200
      31     202     202
      31     202     202
      31     204     204
      31     207     207
      31     207     207
      31     210     210
      31     211     211
      31     212     212
      31     214     214
      31     215     215
      31     217     217
      31     218     218
      31     220     220
      31     220     220
      31     223     223
      31     225     225
      31     225     225
      31     228     228
      31     229     229
      31     230     230
      31     231     231
      31     233     233
      31     235     235
      31     236     236
      31     239     239
      31     239     239
      31     241     241
      31     243     243
      31     244     244
      31     246     246
      31     247     247
      31     249     249
      31     249     249
      31     252     252
      31     254     254
      31     254     254
      31     255     255
      31     255     255
      31     255     255
      31     255     255
      31     251     254
      31     238     247
      31     233     243
      31     216     235
      31     210     232
      31     195     224
      31     180     216
      31     174     212
      31     158     203
      31     153     200
      31     136     192
      31     131     189
      31     115     180
      31     101     173
      31      94     169
      31      77     160
      31      72     157
      31      57     149
      31      51     145
      31      36     137
      31      31     134
      31      38     130
      31      64     118
      31      74     114
      31     100     102
      31     110      98
      31     135      86
      31     162      75
      31     171      71
      31     197      58
      31     206      55
      31     234      42
      31     253      31
      41     255      31
      71     255      31
      83     255      31
     115     255      31
     126     255      31
     158     255      31
     188     255      31
     200     255      31
     232     255      31
     242     255      31
     255     244      31
     255     233      31
     255     203      31
     255     171      31
     255     160      31
     255     128      31
     255     116      31
     255      85      31
     255      56      31
     255      44      31
     241      31      31
     230      31      31
     198      31      31
     187      31      31
     155      31      31
     125      31      31
     113      31      31
      81      31      31
      70      31      31
      39      31      31
      34      34      34
      64      64      64
      95      95      95
     106     106     106
     139     139     139
     150     150     150
     182     182     182
     211     211     211
     223     223     223
     251     162     217
     252     141     210
     239     124     202
     234     119     198
     219     104     188
     203      89     179
     197      83     176
     181      67     167
     175      62     164
     160      45     154
     155      40     150
      90      31     140
      40      40     139
      46      46     142
      64      64     152
      71      71     155
      89      89     165
      95      95     169
     112     112     178
     129     129     188
     135     135     191
     153     153     201
     160     160     204
     177     177     214
     194     194     223
     200     200     227
     218     218     237
     224     224     240
     242     242     250
     248     248     253
