       0       0       0
       1       1       1
       3       3       3
       5       5       5
       6       6       6
       8       8       8
      10      10      10
      11      11      11
      13      13      13
      15      15      15
      17      17      17
      18      18      18
      20      20      20
      22      22      22
      23      23      23
      25      25      25
      27      27      27
      29      29      29
      30      30      30
      32      32      32
      34      34      34
      35      35      35
      37      37      37
      39      39      39
      41      41      41
      42      42      42
      44      44      44
      46      46      46
      47      47      47
      49      49      49
      51      51      51
      53      53      53
      54      54      54
      56      56      56
      58      58      58
      59      59      59
      61      61      61
      63      63      63
      65      65      65
      66      66      66
      68      68      68
      70      70      70
      71      71      71
      73      73      73
      75      75      75
      77      77      77
      78      78      78
      80      80      80
      82      82      82
      83      83      83
      85      85      85
      87      87      87
      88      88      88
      90      90      90
      92      92      92
      94      94      94
      95      95      95
      97      97      97
      99      99      99
     100     100     100
     102     102     102
     104     104     104
     106     106     106
     107     107     107
     109     109     109
     111     111     111
     112     112     112
     114     114     114
     116     116     116
     118     118     118
     119     119     119
     121     121     121
     123     123     123
     124     124     124
     126     126     126
     128     128     128
     130     130     130
     131     131     131
     133     133     133
     135     135     135
     136     136     136
     138     138     138
     140     140     140
     142     142     142
     143     143     143
     145     145     145
     147     147     147
     148     148     148
     150     150     150
     152     152     152
     154     154     154
     155     155     155
     157     157     157
     159     159     159
     160     160     160
     162     162     162
     164     164     164
     166     166     166
     167     167     167
     169     169     169
     171     171     171
     172     172     172
     174     174     174
     176     176     176
     177     177     177
     179     179     179
     181     181     181
     183     183     183
     184     184     184
     186     186     186
     188     188     188
     189     189     189
     191     191     191
     193     193     193
     195     195     195
     196     196     196
     198     198     198
     200     200     200
     201     201     201
     203     203     203
     205     205     205
     207     207     207
     208     208     208
     210     210     210
     212     212     212
     213     213     213
     215     215     215
     217     217     217
     219     219     219
     220     220     220
     222     222     222
     224     224     224
     225     225     225
     227     227     227
     229     229     229
     231     231     231
     232     232     232
     234     234     234
     236     236     236
     237     237     237
     239     239     239
     241     241     241
     243     243     243
     244     244     244
     246     246     246
     248     248     248
     249     249     249
     251     251     251
     253     253     253
     255     255     255
      31     255     255
      31     255     255
      31     255     255
      31     255     255
      31     251     254
      31     238     247
      31     233     243
      31     216     235
      31     210     232
      31     195     224
      31     180     216
      31     174     212
      31     158     203
      31     153     200
      31     136     192
      31     131     189
      31     115     180
      31     101     173
      31      94     169
      31      77     160
      31      72     157
      31      57     149
      31      51     145
      31      36     137
      31      31     134
      31      38     130
      31      64     118
      31      74     114
      31     100     102
      31     110      98
      31     135      86
      31     162      75
      31     171      71
      31     197      58
      31     206      55
      31     234      42
      31     253      31
      41     255      31
      71     255      31
      83     255      31
     115     255      31
     126     255      31
     158     255      31
     188     255      31
     200     255      31
     232     255      31
     242     255      31
     255     244      31
     255     233      31
     255     203      31
     255     171      31
     255     160      31
     255     128      31
     255     116      31
     255      85      31
     255      56      31
     255      44      31
     241      31      31
     230      31      31
     198      31      31
     187      31      31
     155      31      31
     125      31      31
     113      31      31
      81      31      31
      70      31      31
      39      31      31
      34      34      34
      64      64      64
      95      95      95
     106     106     106
     139     139     139
     150     150     150
     182     182     182
     211     211     211
     223     223     223
     251     162     217
     252     141     210
     239     124     202
     234     119     198
     219     104     188
     203      89     179
     197      83     176
     181      67     167
     175      62     164
     160      45     154
     155      40     150
      90      31     140
      40      40     139
      46      46     142
      64      64     152
      71      71     155
      89      89     165
      95      95     169
     112     112     178
     129     129     188
     135     135     191
     153     153     201
     160     160     204
     177     177     214
     194     194     223
     200     200     227
     218     218     237
     224     224     240
     242     242     250
     248     248     253
