      21      29      31
      24      29      30
      28      30      29
      31      31      29
      38      39      34
      40      38      38
      40      40      40
      42      42      42
      45      45      45
      46      46      46
      48      48      48
      51      51      51
      52      52      52
      54      54      54
      56      56      56
      57      57      57
      58      58      58
      61      61      61
      62      62      62
      66      66      66
      65      65      65
      67      67      67
      67      67      67
      70      70      70
      73      73      73
      75      75      75
      76      76      76
      78      78      78
      80      80      80
      81      81      81
      83      83      83
      84      84      84
      86      86      86
      89      89      89
      89      89      89
      92      92      92
      94      94      94
      95      95      95
      96      96      96
      97      97      97
      99      99      99
     102     102     102
     104     104     104
     104     104     104
     106     106     106
     109     109     109
     112     112     112
     112     112     112
     113     113     113
     115     115     115
     117     117     117
     118     118     118
     121     121     121
     122     122     122
     124     124     124
     126     126     126
     127     127     127
     129     129     129
     130     130     130
     133     133     133
     135     135     135
     137     137     137
     139     139     139
     140     140     140
     142     142     142
     145     145     145
     146     146     146
     148     148     148
     149     149     149
     152     152     152
     152     152     152
     155     155     155
     157     157     157
     159     159     159
     161     161     161
     162     162     162
     165     165     165
     166     166     166
     167     167     167
     170     170     170
     170     170     170
     171     171     171
     173     173     173
     173     173     173
     177     177     177
     179     179     179
     182     182     182
     184     184     184
     185     185     185
     186     186     186
     188     188     188
     190     190     190
     191     191     191
     192     192     192
     193     193     193
     198     198     198
     199     199     199
     201     201     201
     202     202     202
     204     204     204
     205     205     205
     209     209     209
     210     210     210
     210     210     210
     211     211     211
     213     213     213
     215     215     215
     216     216     216
     218     218     218
     220     220     220
     223     223     223
     224     224     224
     227     227     227
     227     227     227
     228     228     228
     230     230     230
     232     232     232
     233     233     233
     236     236     236
     236     236     236
     239     239     239
     241     241     241
     244     244     244
     245     245     245
     247     246     248
     246     247     245
     249     247     243
     248     251     254
     254     254     255
     253     251     248
     225     255     255
      70     246     237
      49     251     250
      48     241     243
      50     233     239
      44     221     234
      43     215     232
      45     207     230
      44     195     224
      44     184     219
      43     176     215
      40     167     210
      40     157     206
      40     148     204
      38     136     197
      35     129     193
      38     121     193
      36     109     188
      34     100     182
      35      92     181
      31      81     176
      30      76     169
      36      79     164
      40      87     159
      41     101     149
      44     108     142
      46     118     134
      51     130     131
      55     138     125
      56     146     115
      58     154     109
      64     166      99
      66     174      94
      70     182      88
      73     192      80
      74     201      66
      79     212      60
      85     222      56
      86     230      52
      89     239      45
      97     247      39
     102     250      33
     113     252      35
     123     251      37
     133     252      37
     140     253      34
     148     253      34
     156     252      32
     168     252      32
     179     252      31
     190     253      31
     197     253      28
     203     254      29
     213     253      29
     224     253      30
     232     247      29
     232     238      28
     232     229      26
     232     216      26
     234     206      28
     235     195      28
     239     187      30
     242     173      28
     246     161      30
     247     151      33
     247     140      31
     252     132      30
     252     121      26
     254     111      33
     248      99      28
     247      94      31
     242      90      33
     228      85      32
     215      83      34
     203      78      30
     188      78      34
     178      73      32
     167      68      30
     154      65      29
     142      63      31
     130      59      29
     119      55      27
     108      51      28
      97      51      30
      80      49      28
      69      46      32
      58      38      31
      50      31      30
      55      42      42
      67      59      57
      77      72      69
      95      87      85
     106      96      97
     119     109     110
     135     125     129
     146     140     140
     156     152     151
     163     162     158
     179     178     174
     190     189     185
     203     202     198
     223     222     220
     230     229     227
     244     243     241
     240     236     240
     236     223     237
     233     211     232
     228     197     226
     224     183     219
     217     171     216
     208     158     208
     204     149     204
     195     130     195
     190     125     191
     182     112     184
     173      96     177
     171      86     176
     165      71     168
     160      59     161
     135      43     136
     238     212     237
     253     251     254
     255     250     255
     247     253     245
     249     249     246
     251     250     254
