      25      33      33
      27      38      20
      30      36      41
      29      42      31
      36      40      34
      37      41      36
      34      45      39
      40      45      44
      43      46      47
      44      50      49
      46      49      49
      51      50      49
      48      53      56
      51      55      60
      56      58      55
      49      63      49
      56      59      57
      56      63      62
      58      63      59
      62      65      66
      64      66      67
      60      66      77
      73      66      74
      71      68      78
      73      70      73
      75      74      68
      76      76      80
      72      77      78
      72      82      82
      78      82      81
      82      83      85
      85      81      87
      94      80      88
      76      95      81
      88      92      86
      94      90      90
      95      94      94
      99      91      97
      85     100     102
      95      98      97
      85     107      96
     103     101     103
     111      97     107
     103     104     105
     104     106     107
     109     106     109
     115     108     115
     119     106     112
     108     115     114
     111     116     114
     113     119     117
     114     120     123
     113     121     123
     118     125     127
     118     125     127
     124     126     127
     128     128     126
     127     130     129
     125     133     130
     132     129     132
     134     132     135
     137     134     137
     139     136     138
     136     138     146
     147     136     149
     147     137     150
     147     140     149
     146     145     150
     144     148     158
     148     151     145
     153     150     145
     151     155     144
     149     155     157
     151     159     160
     150     160     159
     150     165     157
     151     165     156
     157     165     162
     164     165     163
     162     166     164
     158     172     172
     159     173     179
     165     176     171
     166     176     169
     170     174     191
     179     177     169
     180     178     175
     177     183     181
     173     185     186
     180     187     178
     177     188     180
     178     192     186
     180     193     191
     187     190     197
     189     193     191
     192     195     190
     195     192     198
     189     200     196
     189     202     192
     203     201     189
     202     201     201
     204     201     208
     203     205     207
     205     207     217
     199     214     206
     198     217     208
     206     216     208
     213     216     209
     214     217     213
     216     218     222
     220     218     222
     213     225     217
     215     226     224
     218     228     231
     218     230     232
     224     226     231
     226     228     236
     226     234     219
     227     235     226
     234     236     235
     238     236     238
     241     235     238
     238     238     242
     240     239     245
     244     242     251
     244     243     252
     250     246     241
     250     246     244
     248     250     248
     245     254     250
     249     255     249
     255     253     248
     255     250     244
     196     254     255
      44     255     251
      49     250     248
      48     244     247
      46     233     240
      45     225     236
      46     212     233
      44     203     231
      40     197     217
      41     181     231
      41     176     223
      35     168     212
      38     157     209
      36     148     203
      36     136     196
      33     132     186
      31     121     186
      37     107     190
      35     100     170
      25      91     187
      30      81     177
      34      72     172
      37      80     154
      41      85     161
      46      99     154
      46     108     143
      45     116     140
      50     125     133
      52     130     124
      60     140     120
      57     157     110
      57     161     104
      62     173      97
      62     180      90
      73     186      80
      75     194      72
      77     205      61
      83     215      56
      85     223      52
      87     232      43
      89     241      31
      96     248      34
     102     251      33
     110     251      34
     126     250      33
     131     251      33
     138     251      33
     151     252      33
     160     254      35
     164     255      31
     175     255      32
     189     254      30
     196     255      32
     203     255      31
     215     254      31
     226     254      29
     227     247      34
     224     240      33
     227     226      35
     235     217      41
     234     209      27
     232     196      26
     240     188      33
     240     177      30
     239     165      26
     244     155      29
     246     142      32
     248     136      30
     250     126      27
     254     115      30
     255     102      30
     250      96      36
     241      93      34
     227      89      36
     218      85      40
     205      87      26
     194      81      27
     181      79      31
     173      75      31
     162      69      33
     148      66      35
     137      63      37
     124      59      31
     114      56      31
     101      52      33
      91      50      37
      78      43      29
      68      40      28
      54      38      29
      42      33      27
      55      48      44
      68      61      55
      82      75      72
      94      87      85
     103      97      96
     118     112     111
     132     127     125
     143     139     137
     158     153     151
     165     162     160
     182     178     176
     186     184     184
     202     200     200
     218     218     217
     220     221     220
     241     239     239
     246     243     247
     240     231     242
     234     218     235
     228     206     230
     225     193     226
     221     182     224
     209     170     212
     203     159     205
     197     145     200
     193     133     194
     186     119     189
     181     109     184
     174      93     176
     167      82     170
     160      70     162
     157      56     157
     133      43     138
