      23      36      42
      29      31      32
      27      34      29
      33      35      38
      33      33      36
      33      37      40
      30      38      38
      34      38      41
      29      42      45
      30      44      50
      28      46      49
      27      47      50
      25      50      51
      29      50      48
      31      50      48
      31      53      48
      30      57      53
      30      57      52
      30      59      57
      30      61      59
      26      63      59
      30      66      61
      32      66      65
      31      67      65
      30      70      66
      31      72      66
      31      73      69
      28      74      72
      32      75      75
      30      76      76
      32      76      79
      36      76      81
      33      76      80
      27      84      83
      23      88      84
      28      86      84
      33      85      83
      32      86      84
      32      90      91
      30      89      88
      28      92      91
      32      92      92
      30      96      92
      30      97      95
      31      98      95
      33     100      99
      34     101     100
      28     103      99
      32     103      99
      30     105     101
      30     108     102
      30     111     105
      36     109     117
      34     110     115
      39     110     115
      37     110     114
      36     117     116
      36     112     121
      29     118     120
      24     124     119
      23     125     124
      32     122     124
      27     128     125
      25     127     125
      28     130     129
      23     129     133
      29     131     136
      31     134     129
      32     135     131
      32     135     131
      32     137     133
      30     139     134
      34     138     141
      35     139     142
      33     141     144
      31     143     145
      31     147     149
      32     149     147
      31     149     147
      31     151     147
      32     151     149
      29     156     151
      26     157     161
      29     156     162
      40     156     164
      35     157     165
      25     163     166
      22     167     164
      27     168     168
      36     162     168
      39     162     170
      29     169     174
      27     173     170
      34     172     172
      35     171     170
      27     177     172
      22     184     176
      25     180     177
      32     180     178
      37     180     180
      32     182     180
      27     186     182
      34     184     187
      33     186     189
      33     187     190
      33     192     191
      36     194     196
      33     192     195
      34     194     198
      33     196     198
      33     197     199
      35     199     200
      33     200     205
      33     201     205
      31     203     205
      34     207     210
      32     204     206
      32     207     208
      34     209     211
      34     210     211
      36     212     213
      34     211     215
      24     221     205
      35     216     216
      44     215     215
      31     218     222
      30     223     230
      37     221     226
      37     222     228
      31     228     231
      34     228     233
      26     229     231
      28     234     232
      28     234     234
      34     233     239
      34     233     241
      29     239     239
      31     239     243
      31     243     242
      29     243     245
      28     248     244
      25     250     250
      31     246     249
      27     252     245
      30     252     250
      28     250     253
      32     252     252
      33     252     253
      34     254     252
      33     254     252
      34     253     253
      28     255     247
      28     249     253
      25     236     251
      30     229     240
      34     216     237
      30     197     246
      36     193     229
      34     180     218
      26     164     220
      28     154     206
      32     147     205
      30     133     200
      33     127     188
      34     112     178
      26      99     176
      27      92     177
      29      82     165
      34      73     164
      30      58     149
      35      51     145
      29      39     147
      35      30     136
      31      34     133
      29      57     105
      22      70     118
      30      91      92
      25     109      92
      22     128      88
      33     143      79
      35     161      68
      21     189      68
      31     201      49
      25     220      45
      21     239      40
      32     251      35
      44     253      30
      79     251      38
     104     251      32
     124     255      36
     141     252      44
     165     251      36
     188     255      30
     218     252      34
     241     252      37
     248     255      35
     253     239      29
     249     211      21
     250     190      27
     251     168      25
     248     152      18
     245     125      19
     250     105      30
     247      83      30
     255      55      31
     251      33      23
     241      29      29
     225      27      34
     203      33      29
     183      34      36
     157      30      33
     132      30      35
     118      32      38
      93      33      34
      77      27      34
      49      32      33
      27      30      29
      58      51      50
      79      84      81
      95     100      97
     114     117     118
     140     148     150
     158     166     168
     197     189     190
     214     214     217
     255     227     247
     244     149     206
     249     133     210
     234     120     198
     222     110     191
     211     101     190
     195      88     182
     183      75     175
     174      69     157
     163      56     150
     168      37     145
     143      25     146
      50      26     128
      44      45     144
      58      56     155
      71      67     162
      81      80     164
      92      93     174
     102     107     179
     114     120     183
     122     133     188
     135     145     192
     152     159     203
     168     173     209
     180     185     221
     193     200     228
     205     211     237
     215     223     240
     229     237     249
     252     247     254
     249     253     255
