     250     250     250
     248     248     248
     245     245     245
     243     243     243
     241     241     241
     237     237     237
     234     234     234
     232     232     232
     229     229     229
     225     225     225
     224     224     224
     221     221     221
     218     218     218
     215     215     215
     214     214     214
     211     211     211
     208     208     208
     205     205     205
     201     201     201
     198     198     198
     194     194     194
     188     188     188
     183     183     183
     178     178     178
     171     171     171
     165     165     165
     158     158     158
     152     152     152
     145     145     145
     139     139     139
     133     133     133
     127     127     127
     120     120     120
     114     114     114
     108     108     108
     101     101     101
      94      94      94
      88      88      88
      80      80      80
      74      74      74
      68      68      68
      62      62      62
      57      56      57
      53      52      52
      50      47      48
      49      42      44
      48      39      42
      50      36      39
      53      33      36
      57      31      35
      62      30      35
      68      28      33
      75      27      32
      82      26      32
      90      25      31
      97      23      29
     103      22      29
     110      21      27
     117      19      25
     125      17      24
     131      16      24
     139      16      22
     145      13      22
     151      13      21
     157      11      19
     165      10      17
     172       8      17
     180       6      15
     187       6      15
     193       6      14
     199       6      13
     205       7      11
     210       8      12
     213       9      10
     217      12      11
     220      16      11
     221      19      11
     222      24       9
     222      29      11
     222      32      10
     223      38      10
     222      42      10
     222      48      10
     222      51      10
     222      56      10
     222      62      10
     222      66       9
     223      70       9
     223      75       9
     223      80       9
     223      84       9
     223      89       8
     222      93       8
     221      98       8
     223     103       8
     223     108       8
     223     111       7
     225     115       7
     227     119       5
     229     122       6
     230     126       6
     233     130       5
     234     133       5
     236     136       4
     239     140       4
     241     144       4
     241     147       4
     241     152       3
     240     156       5
     242     160       5
     242     164       5
     243     168       5
     244     172       5
     244     177       5
     244     182       5
     245     186       5
     245     191       5
     246     195       3
     247     200       5
     247     203       3
     247     208       5
     248     212       6
     246     213       6
     242     215       8
     238     215      12
     235     215      14
     229     213      17
     223     211      21
     217     209      25
     209     206      28
     200     201      32
     190     196      37
     183     193      40
     175     189      44
     167     184      47
     159     181      50
     151     177      54
     144     173      58
     136     169      61
     128     165      65
     121     160      69
     113     156      73
     106     153      76
      98     148      81
      90     144      85
      83     140      89
      75     136      93
      67     131      96
      60     128     100
      52     123     104
      44     119     108
      37     116     112
      31     113     116
      26     111     120
      24     111     124
      22     110     127
      24     111     131
      26     113     135
      28     114     138
      33     118     142
      39     122     146
      45     125     148
      53     129     151
      60     133     155
      68     137     158
      75     141     160
      82     145     164
      90     150     167
      97     153     169
     105     157     173
     113     162     176
     120     166     179
     128     170     182
     135     174     185
     142     178     188
     150     181     191
     157     186     194
     164     189     197
     171     193     199
     178     197     202
     185     201     205
     190     203     207
     194     204     207
     197     203     205
     198     204     205
     198     202     202
     196     199     199
     194     195     195
     190     190     190
     185     185     185
     177     177     177
     172     172     172
     166     166     166
     161     161     161
     156     156     156
     150     150     150
     144     144     144
     139     139     139
     134     134     134
     128     128     128
     123     123     123
     118     118     118
     113     113     113
     106     106     106
     101     101     101
      95      96      95
      90      90      90
      86      87      86
      82      83      81
      79      80      77
      79      79      74
      79      79      72
      80      80      71
      82      80      68
      85      82      69
      89      86      69
      94      89      69
      99      92      70
     105      95      70
     109      98      70
     114     101      70
     120     105      72
     125     108      73
     131     112      73
     136     115      75
     141     119      76
     148     123      77
     153     126      77
     158     130      77
     165     134      79
     170     136      80
     175     140      80
     181     143      80
     185     144      78
     188     145      78
     191     144      77
     193     141      75
     194     140      75
     195     136      72
     195     132      70
     194     128      68
     192     122      65
     191     116      62
     191     111      60
     188     105      57
     188     100      54
     187      95      51
     186      91      50
     184      85      47
     182      80      45
     182      76      43
     179      70      40
     176      65      37
     175      62      35
     173      58      33
     170      54      31
