     255     150      90
     255     150      90
     255     150      90
     254     149      89
     253     149      89
     251     148      89
     249     146      87
     247     145      88
     245     145      87
     244     144      87
     243     144      87
     239     141      85
     238     141      85
     235     140      85
     232     138      84
     229     136      83
     225     134      81
     221     132      80
     219     131      80
     217     130      79
     215     129      79
     212     127      78
     208     125      77
     204     123      76
     199     120      74
     196     119      74
     190     116      72
     186     114      71
     182     112      71
     180     111      70
     178     110      70
     173     108      69
     169     105      67
     164     103      66
     158      99      64
     153      97      63
     149      95      62
     146      93      61
     138      90      60
     135      88      59
     133      87      58
     128      84      57
     122      81      55
     117      78      54
     110      74      51
     104      71      50
     100      70      50
      98      68      49
      96      67      48
      92      64      46
      88      61      44
      84      59      42
      80      56      40
      76      53      38
      71      49      35
      67      46      33
      64      45      32
      62      43      31
      60      42      30
      56      39      28
      51      36      25
      47      33      23
      42      29      20
      37      26      18
      34      24      17
      32      22      15
      25      17      12
      23      15      11
      20      14      10
      16      11       8
      11       8       5
       7       4       3
       1       0       0
       0       0       0
       0       0       0
       0       0       0
       0       0       0
       0       0       0
       0       0       0
       0       0       0
       0       0       0
       0       0       0
       0       0       0
       0       0       0
       0       0       0
       0       0       0
       0       0       0
       0       0       0
       0       0       0
       0       0       0
       0       0       0
       0       0       0
       0       0       0
       0       0       0
       0       0       0
       0       0       0
       2       2       2
       6       6       6
      11      11      11
      15      15      15
      19      19      19
      23      23      23
      26      26      26
      29      29      29
      31      31      31
      35      35      35
      39      39      39
      44      44      44
      49      49      49
      53      53      53
      58      58      58
      62      62      62
      65      65      65
      68      68      68
      70      70      70
      74      74      74
      78      78      78
      81      81      81
      84      84      84
      87      87      87
      90      90      90
      93      93      93
      95      95      95
      96      96      96
      98      98      98
     101     101     101
     106     106     106
     109     109     109
     112     112     112
     115     115     115
     117     117     117
     118     118     118
     120     120     120
     126     126     126
     131     131     131
     141     141     141
     150     150     150
     158     158     158
     167     167     167
     176     176     176
     181     181     181
     186     186     186
     191     191     191
     200     200     200
     210     210     210
     219     219     219
     227     227     227
     236     236     236
     245     245     245
     255     255     255
     251     251     251
     249     249     249
     246     246     246
     242     242     242
     238     238     238
     234     234     234
     229     229     229
     224     224     224
     222     222     222
     220     220     220
     217     217     217
     212     212     212
     208     208     208
     204     204     204
     200     200     200
     186     191     195
     169     180     189
     154     170     184
     145     165     181
     138     161     178
     128     154     174
     111     144     169
      96     134     164
      81     125     159
      64     114     153
      50     105     148
      33      95     142
      18      84     137
      13      82     134
      10      81     132
       9      85     129
      11      90     124
      11      96     120
      12     101     115
      12     105     110
      13     110     105
      13     113     103
      13     115     101
      14     123      94
      14     125      92
      15     129      88
      14     134      83
      17     140      79
      30     140      72
      43     140      64
      55     141      57
      62     141      54
      68     141      51
      77     142      46
      91     141      38
     104     143      31
     116     143      25
     130     143      18
     142     144      11
     156     144       3
     166     141       0
     169     137       0
     172     133       0
     178     127       1
     184     119       1
     192     111       1
     198     103       2
     205      94       2
     212      86       3
     215      82       3
     225      71       4
     229      67       4
     232      63       4
     238      56       1
     232      51      19
     223      46      39
     214      42      58
     205      37      80
     196      32      98
     191      30     107
     187      28     117
     180      24     132
     170      20     153
     162      15     171
     152      11     192
     143       6     212
     133       5     221
     120       5     222
     110       6     224
     105       6     225
      99       6     226
      90       7     227
      78       6     229
      67       8     232
      56       8     233
      43       8     235
      33       9     237
      21       9     239
      17       9     228
      16       8     221
      15       7     213
      14       7     200
      13       6     185
      11       5     170
       9       4     155
       6       2     138
       4       1     124
       3       1     117
       2       0     109
       1       0      96
       0       0      80
