     159     159     159
     252     254     255
     250     253     255
     247     251     254
     245     251     254
     242     250     254
     239     248     254
     237     247     253
     235     246     253
     231     246     253
     230     245     253
     227     244     253
     223     243     252
     221     242     252
     218     241     252
     216     240     252
     215     240     252
     213     237     251
     210     237     251
     207     237     251
     206     236     251
     203     235     251
     199     234     250
     195     232     250
     193     232     250
     190     230     250
     187     229     249
     186     228     249
     183     227     249
     181     227     249
     180     227     249
     179     225     249
     176     224     248
     172     223     248
     169     222     248
     165     221     247
     161     219     247
     156     217     246
     154     215     245
     151     213     244
     151     211     244
     150     210     243
     149     210     240
     147     207     239
     145     204     238
     141     202     237
     138     200     236
     134     197     235
     132     195     233
     129     192     231
     127     191     231
     125     189     230
     122     185     228
     121     186     228
     120     183     225
     118     182     225
     115     180     224
     112     177     223
     109     175     221
     105     172     219
     103     170     219
     101     169     218
     100     167     217
      97     165     215
      95     163     214
      94     160     213
      91     158     211
      89     156     211
      86     154     209
      82     151     207
      80     149     206
      77     147     205
      76     145     203
      71     141     202
      71     142     198
      71     143     195
      72     144     191
      72     146     188
      72     147     184
      71     147     180
      71     148     176
      70     149     172
      70     149     169
      70     152     165
      70     153     162
      71     154     158
      71     155     156
      71     156     152
      71     157     148
      72     159     145
      71     160     140
      71     160     137
      72     161     133
      71     162     130
      71     163     126
      72     164     123
      72     165     119
      72     166     115
      72     167     112
      73     169     109
      73     170     106
      73     172     102
      73     173      99
      72     173      95
      72     174      90
      72     175      87
      72     176      83
      72     177      80
      73     179      77
      73     181      70
      78     182      71
      83     184      71
      87     185      72
      92     187      72
      97     188      73
     102     188      73
     105     190      73
     110     191      74
     116     193      75
     121     195      76
     126     196      77
     130     198      77
     135     199      78
     140     200      78
     145     202      79
     150     203      80
     154     204      80
     159     206      81
     164     207      81
     169     209      82
     173     210      82
     178     211      83
     183     213      84
     188     214      84
     193     215      85
     197     217      85
     202     218      86
     207     220      87
     211     220      86
     217     222      87
     221     224      88
     226     225      89
     231     226      90
     236     228      90
     240     229      91
     245     231      91
     250     232      92
     250     229      91
     250     224      88
     249     221      87
     248     217      85
     249     214      84
     249     211      83
     249     208      82
     249     205      81
     249     201      80
     249     198      78
     249     194      76
     248     190      74
     247     187      73
     248     183      72
     247     180      69
     248     177      68
     247     173      68
     248     170      66
     247     166      65
     247     164      64
     247     159      63
     247     156      61
     246     153      59
     247     149      58
     246     146      56
     245     141      54
     246     138      53
     246     136      51
     245     132      50
     246     129      50
     246     126      49
     246     122      48
     246     119      46
     244     115      44
     244     112      43
     245     104      39
     244     102      39
     242     100      39
     241      98      39
     240      97      40
     239      96      41
     238      95      42
     239      93      42
     237      90      41
     236      88      41
     235      85      41
     234      83      40
     233      81      40
     232      79      40
     231      77      40
     231      77      42
     230      76      43
     229      75      45
     228      74      45
     228      70      44
     227      67      42
     225      63      40
     224      60      40
     223      58      40
     222      57      40
     222      55      40
     221      55      42
     221      55      44
     219      55      46
     219      55      48
     219      54      49
     218      51      48
     216      47      46
     215      41      42
     214      38      40
     213      35      40
     211      32      40
     209      32      42
     207      33      42
     207      37      45
     206      39      47
     204      42      49
     202      41      50
     200      40      48
     200      38      45
     196      34      41
     194      30      37
     192      28      36
     190      28      35
     189      29      36
     188      31      37
     187      34      41
     187      37      44
     184      39      45
     184      39      46
     181      38      45
     180      35      41
     177      31      38
     174      28      33
     172      25      32
     170      25      30
     168      25      30
     167      25      32
     166      29      34
     167      33      38
     166      36      39
     163      34      40
     162      33      37
     159      30      35
     156      27      32
     153      24      29
     151      23      26
     149      22      26
      91      13      16
