     146      21      25
     159      23      28
     172      25      31
     186      27      34
     199      29      37
     213      35      40
     220      51      40
     227      66      40
     234      83      41
     241      98      41
     246     122      47
     247     149      58
     248     175      69
     249     201      80
     250     228      90
     219     223      88
     182     212      83
     145     202      79
     108     191      74
      73     180      71
      73     172     101
      73     163     129
      72     155     157
      72     146     184
      80     149     206
      98     165     215
     116     181     225
     133     196     234
     151     213     244
     173     224     248
     193     231     250
     214     239     252
     234     247     253
     255     255     255
