     159     159     159
     252     254     255
     250     253     255
     247     252     254
     245     251     254
     242     250     254
     239     249     254
     237     248     253
     235     247     253
     231     246     253
     230     245     253
     227     244     253
     223     243     252
     221     242     252
     218     241     252
     216     240     252
     214     240     252
     212     238     251
     210     237     251
     207     237     251
     205     236     251
     202     235     251
     199     234     250
     195     232     250
     192     232     250
     190     230     250
     187     229     249
     186     228     249
     183     227     249
     181     227     249
     179     226     249
     178     225     249
     175     224     248
     171     223     248
     168     222     248
     165     221     247
     161     219     247
     156     217     246
     154     215     245
     151     213     244
     150     211     243
     149     210     242
     148     209     240
     146     206     239
     144     204     238
     141     202     237
     137     200     236
     134     197     235
     132     195     233
     129     192     231
     127     191     231
     125     189     230
     122     185     228
     121     186     228
     119     183     225
     117     182     225
     115     179     224
     112     177     223
     109     175     221
     106     173     220
     104     171     219
     102     169     218
     100     167     217
      97     165     215
      95     163     214
      93     160     213
      90     158     211
      88     156     211
      86     154     209
      83     152     208
      81     150     207
      79     148     206
      77     146     204
      72     142     202
      72     143     198
      72     144     195
      72     145     191
      72     146     188
      72     147     184
      72     148     181
      72     149     177
      72     150     173
      72     151     170
      72     153     166
      72     154     163
      72     155     159
      72     156     156
      72     157     152
      72     158     148
      72     159     145
      72     160     141
      72     161     138
      73     162     134
      73     163     131
      73     164     127
      73     165     124
      73     166     120
      73     167     116
      73     168     113
      73     169     109
      73     170     106
      73     172     102
      73     173      99
      73     174      95
      73     175      91
      73     176      88
      73     177      84
      73     178      81
      73     179      77
      73     181      70
      78     182      71
      83     184      71
      87     185      72
      92     187      72
      97     188      73
     102     189      74
     106     191      74
     111     192      75
     116     193      75
     121     195      76
     126     196      77
     130     198      77
     135     199      78
     140     200      78
     145     202      79
     150     203      80
     154     204      80
     159     206      81
     164     207      81
     169     209      82
     173     210      82
     178     211      83
     183     213      84
     188     214      84
     193     215      85
     197     217      85
     202     218      86
     207     220      87
     212     221      87
     217     222      88
     221     224      88
     226     225      89
     231     226      90
     236     228      90
     240     229      91
     245     231      91
     250     232      92
     250     229      91
     250     225      89
     250     222      88
     249     218      86
     249     215      85
     249     212      84
     249     208      82
     249     205      81
     249     201      80
     249     198      78
     249     195      77
     248     191      75
     248     188      74
     248     184      73
     248     181      71
     248     178      70
     248     174      69
     248     171      67
     247     167      66
     247     164      64
     247     160      63
     247     157      62
     247     154      60
     247     150      59
     247     147      58
     246     143      56
     246     140      55
     246     137      53
     246     133      52
     246     130      51
     246     126      49
     246     123      48
     246     120      47
     245     116      45
     245     113      44
     245     106      41
     244     104      41
     243     102      41
     242     100      41
     241      98      41
     240      96      41
     239      95      42
     239      93      42
     238      90      41
     237      88      41
     236      86      41
     235      84      41
     234      82      41
     233      80      41
     232      78      41
     231      76      42
     230      76      43
     229      74      44
     228      73      44
     228      70      43
     227      67      42
     226      63      40
     225      61      40
     224      59      40
     223      57      40
     222      55      40
     221      55      41
     220      54      43
     219      54      45
     219      53      46
     218      53      47
     218      50      47
     216      46      45
     215      41      42
     214      38      40
     213      35      40
     211      32      40
     209      32      41
     207      33      41
     207      35      44
     205      37      45
     204      40      47
     202      39      48
     200      40      48
     199      38      45
     196      34      41
     194      29      37
     192      28      36
     190      28      35
     189      29      36
     187      30      36
     187      33      40
     187      36      43
     184      39      45
     183      39      46
     181      36      43
     179      34      40
     176      30      37
     174      27      33
     172      25      31
     170      25      30
     168      25      30
     167      25      32
     166      29      34
     166      33      38
     166      34      37
     162      32      37
     161      31      35
     159      29      33
     155      26      31
     153      24      29
     151      23      26
     149      22      26
      91      13      16
