     255     255     255
     249     245     250
     243     236     246
     237     227     242
     230     218     237
     224     209     233
     218     200     229
     212     191     225
     206     181     221
     201     172     217
     195     163     212
     189     154     208
     183     145     204
     177     136     199
     171     127     195
     164     118     191
     158     109     186
     153     100     182
     147      91     178
     141      82     174
     135      73     169
     129      64     165
     123      54     161
     117      45     157
     111      36     153
     105      27     149
      99      18     144
      93       9     140
      87       0     136
      84       0     135
      80       0     135
      77       0     135
      74       0     135
      71       0     135
      68       0     134
      65       0     134
      62       0     133
      58       0     133
      55       0     133
      52       0     132
      49       0     132
      46       0     132
      43       0     132
      40       0     132
      37       0     131
      34       0     131
      31       0     130
      28       0     130
      25       0     130
      22       0     129
      19       0     129
      16       0     129
      12       0     129
       9       0     129
       6       0     128
       3       0     128
       0       0     128
       0       0     132
       0       0     136
       0       0     141
       0       0     145
       0       0     150
       0       0     154
       0       0     159
       0       0     164
       0       0     168
       0       0     172
       0       0     177
       0       0     181
       0       0     186
       0       0     190
       0       0     195
       0       0     199
       0       0     204
       0       0     209
       0       0     213
       0       0     217
       0       0     222
       0       0     227
       0       0     231
       0       0     236
       0       0     240
       0       0     244
       0       0     249
       0       0     254
       0       7     247
       0      16     238
       0      25     229
       0      34     220
       0      43     211
       0      53     201
       0      62     192
       0      71     183
       0      80     174
       0      89     165
       0      98     156
       0     107     147
       0     116     138
       0     125     129
       0     134     120
       0     143     111
       0     152     102
       0     162      93
       0     171      83
       0     180      74
       0     189      65
       0     198      56
       0     208      46
       0     217      37
       0     226      28
       0     235      19
       0     244      10
       0     253       1
       6     255       0
      14     255       0
      23     255       0
      31     255       0
      40     255       0
      48     255       0
      57     255       0
      65     255       0
      73     255       0
      81     255       0
      89     255       0
      98     255       0
     106     255       0
     115     255       0
     123     255       0
     132     255       0
     140     255       0
     148     255       0
     156     255       0
     165     255       0
     173     255       0
     181     255       0
     189     255       0
     198     255       0
     206     255       0
     215     255       0
     223     255       0
     231     255       0
     240     255       0
     248     255       0
     255     254       0
     255     251       0
     255     248       0
     255     244       0
     255     241       0
     255     238       0
     255     235       0
     255     231       0
     255     228       0
     255     225       0
     255     222       0
     255     218       0
     255     215       0
     255     212       0
     255     209       0
     255     206       0
     255     203       0
     255     200       0
     255     196       0
     255     193       0
     255     190       0
     255     187       0
     255     183       0
     255     180       0
     255     177       0
     255     173       0
     255     170       0
     255     167       0
     254     164       0
     249     158       0
     244     152       0
     240     146       0
     236     140       0
     231     134       0
     227     128       0
     222     122       0
     217     117       0
     213     111       0
     209     105       0
     204      99       0
     199      93       0
     195      87       0
     190      81       0
     186      75       0
     181      69       0
     177      64       0
     172      58       0
     168      52       0
     164      46       0
     159      40       0
     154      34       0
     150      28       0
     145      22       0
     141      17       0
     136      11       0
     132       5       0
     128       0       0
     133       0       0
     137       0       0
     142       0       0
     146       0       0
     151       0       0
     155       0       0
     160       0       0
     164       0       0
     169       0       0
     173       0       0
     178       0       0
     182       0       0
     187       0       0
     191       0       0
     196       0       0
     200       0       0
     205       0       0
     210       0       0
     214       0       0
     218       0       0
     223       0       0
     227       0       0
     232       0       0
     236       0       0
     241       0       0
     245       0       0
     250       0       0
     255       0       0
     255       9       9
     255      18      18
     255      27      27
     255      36      36
     255      45      45
     255      54      54
     255      64      64
     255      73      73
     255      82      82
     255      91      91
     255     100     100
     255     109     109
     255     118     118
     255     127     127
     255     136     136
     255     145     145
     255     154     154
     255     163     163
     255     172     172
     255     181     181
     255     191     191
     255     200     200
     255     209     209
     255     218     218
     255     227     227
     255     236     236
     255     245     245
     255     255     255
