       3       0     244
      -7     174       0
       0     142       0
     138     200       0
     241     245       1
     281     248       2
     261     229       2
     235     204       2
     229     182       1
     233     176       1
     238     178       1
     244     178       0
     250     171       0
     254     151       0
     257     124       0
     260     101       0
     261      82       0
     262      64       0
     261      47       0
     260      32       0
     257      16       0
     253       1       0
     249     -11       0
     245     -18       0
     242     -21       0
     239     -21       0
     235     -19       0
     232     -15       0
     229     -11       0
     226      -7       0
     222      -4       0
     218      -1       0
     213       0       0
     208       0       0
     204       0      -3
     200       0      -7
     196       0     -12
     193       0     -18
     190       0     -24
     188       0     -29
     186       0     -33
     185       0     -36
     184       0     -37
     183       0     -36
     183       0     -34
     184       0     -29
     184       0     -22
     186       0     -13
     187       0      -1
     190       0      12
     192       0      25
     196      -1      39
     200      -2      53
     204      -4      66
     208      -5      79
     213      -6      93
     217      -8     105
     221      -9     118
     226     -10     130
     230     -11     143
     233     -11     154
     237     -12     166
     240     -12     177
     243     -12     187
     245     -11     198
     247     -10     208
     248      -9     217
     249      -8     226
     249      -5     235
     249      -3     243
     248       0     251
     246       2     258
     244       4     263
     242       7     267
     238       8     270
     235      10     272
     231      11     272
     228      12     272
     223      14     271
     219      14     269
     215      15     266
     210      16     263
     206      17     260
     202      18     256
     197      20     252
     193      21     248
     189      22     244
     185      24     240
     181      26     235
     177      28     231
     173      30     227
     170      33     223
     167      36     219
     164      39     215
     162      42     212
     159      46     209
     157      50     206
     155      54     204
     154      59     202
     153      64     200
     152      70     199
     152      75     198
     151      81     198
     152      88     198
     152      94     198
     153     100     198
     153     105     198
     155     111     199
     156     116     200
     157     121     200
     159     126     201
     160     130     202
     162     134     203
     164     139     204
     166     143     205
     168     147     206
     170     150     207
     172     154     208
     174     158     210
     177     161     211
     179     164     212
     181     168     213
     184     171     215
     186     174     216
     189     177     217
     191     180     219
     194     183     220
     196     186     222
     199     189     223
     201     191     224
     204     194     226
     206     197     227
     209     199     228
     211     202     230
     214     204     231
     216     207     232
     218     209     234
     221     212     235
     223     214     236
     225     217     238
     227     219     239
     230     222     240
     232     224     241
     234     227     242
     236     229     243
     238     232     245
     240     234     246
     242     237     247
     244     239     248
     245     242     249
     247     244     250
     249     247     250
     250     249     251
     252     252     252
     253     253     253
     253     253     253
     253     253     253
     253     253     253
     253     253     253
     253     253     253
     253     253     253
     253     253     253
     253     253     253
     253     253     253
     253     253     253
     253     253     253
     253     253     253
     253     253     253
     253     253     253
     253     253     253
     253     253     253
     253     253     253
     253     253     253
     253     253     253
     253     253     253
     253     253     253
     253     253     253
     253     253     253
     253     253     253
     253     253     253
     253     253     253
     253     253     253
     253     253     253
     253     253     253
     253     253     253
     253     253     253
     253     253     253
     253     253     253
     253     253     253
     253     253     253
     253     253     253
     253     253     253
     253     253     253
     253     253     253
     253     253     253
     253     253     253
     253     253     253
     253     253     253
     253     253     253
     253     253     253
     253     253     253
     253     253     253
     253     253     253
     253     253     253
     253     253     253
     253     253     253
     253     253     253
     253     253     253
     253     253     253
     253     253     253
     253     253     253
     253     253     253
     253     253     253
     253     253     253
     253     253     253
     253     253     253
     253     253     253
     253     253     253
     253     253     253
     253     253     253
     253     253     253
     253     253     253
     253     253     253
     253     253     253
     253     253     253
     253     253     253
     253     253     253
     253     253     253
     253     253     253
     253     253     253
     253     253     253
     253     253     253
     253     253     253
     253     253     253
     253     253     253
     253     253     253
     253     253     253
     253     253     253
     253     253     253
     253     253     253
     253     253     253
     253     253     253
     253     253     253
     253     253     253
     253     253     253
     253     253     253
     253     253     253
     253     253     253
     253     253     253
     253     253     253
     253     253     253
     253     253     253
     253     253     253
     253     253     253
     253     253     253
