     250       0       0
     243       0       0
     237       0       0
     230       0       0
     220       0       0
     209       0       0
     204       0       0
     202       0       0
     198       0       0
     190       0       0
     186       0       2
     185       0       4
     182       0       5
     172       0       6
     156       0       7
     143       0       6
     132       0       5
     122       0       3
     114       4       2
     112       9       1
     116      14       0
     123      20       0
     130      31       0
     135      39       0
     138      44       0
     141      47       0
     146      54       0
     152      64       0
     155      68       0
     157      71       1
     160      76       1
     166      87       1
     169      94       1
     171      99       1
     173     104       0
     176     114       0
     179     124       0
     180     129       0
     180     133       0
     183     139       0
     189     149       0
     195     155       0
     199     157       0
     204     162       0
     211     172       0
     215     180       0
     216     185       0
     216     189       0
     219     197       0
     223     207       0
     225     212       0
     226     215       0
     229     220       0
     236     230       0
     242     238       2
     246     244       3
     249     247       5
     249     250       7
     249     250       8
     246     249       8
     242     244       8
     233     239       7
     222     233       5
     216     229       4
     210     226       2
     203     223       0
     190     218       0
     182     215       0
     178     214       0
     174     213       1
     166     209       1
     157     204       1
     153     201       1
     150     198       0
     145     194       0
     135     189       0
     130     186       0
     128     185       0
     123     184       0
     112     178       0
     103     173       0
      97     170       0
      91     167       0
      82     163       0
      71     158       0
      66     157       0
      63     157       0
      59     155       0
      50     150       0
      44     146       0
      41     143       0
      38     139       0
      30     133       0
      21     128       0
      16     124       0
      11     123       0
       7     122       0
       1     123       3
       0     124       6
       1     126      10
       2     130      17
       1     136      29
       0     141      37
       0     144      42
       0     147      47
       0     152      57
       0     156      68
       0     158      73
       0     158      77
       0     160      83
       0     165      92
       0     169      97
       0     171      98
       0     175     101
       0     180     110
       0     185     118
       1     186     122
       1     188     126
       1     191     135
       1     196     147
       1     200     153
       0     202     157
       0     205     165
       0     209     178
       1     210     187
       2     210     193
       3     210     198
       5     214     208
       5     218     215
       5     220     217
       5     224     218
       4     229     222
       3     238     232
       2     246     241
       1     252     248
       0     255     253
       0     254     255
       0     248     252
       0     240     245
       0     231     238
       0     223     232
       0     220     230
       0     222     233
       0     226     237
       0     227     239
       0     223     237
       0     218     235
       0     214     231
       0     206     227
       0     195     221
       0     186     217
       0     182     216
       0     178     215
       0     170     212
       0     159     207
       0     154     203
       0     150     200
       0     145     196
       0     135     190
       0     128     187
       0     125     186
       0     121     184
       0     113     180
       0     104     174
       0     100     171
       0      97     169
       0      90     165
       0      79     159
       0      74     157
       0      70     156
       0      65     154
       0      55     149
       0      47     144
       0      43     141
       0      39     138
       0      31     135
       5      19     132
      10      12     130
      16       7     130
      24       2     132
      35       0     135
      42       0     138
      45       0     142
      49       1     146
      57       2     153
      65       2     159
      68       1     163
      72       1     165
      79       0     169
      90       0     173
      96       0     175
     101       0     174
     108       0     175
     119       0     179
     127       0     181
     131       0     183
     135       0     186
     143       0     191
     151       0     198
     156       0     202
     158       0     206
     163       0     210
     171       0     213
     174       0     214
     175       0     213
     178       0     212
     186       1     213
     193       3     213
     198       4     212
     203       6     213
     213       7     218
     227       5     227
     240       2     238
     249       0     247
     252       0     252
     250       2     251
     241      10     246
     229      19     237
     215      26     225
     200      28     210
     192      26     200
     192      19     196
     194      10     194
     192       2     187
     184       0     174
     178       0     167
     173       0     161
     166       0     154
     154       0     142
     145       0     135
     141       0     132
     137       0     130
     129       0     123
     121       0     113
     119       0     108
     118       0     104
     111       0      98
      97       0      87
      85       0      83
      76       1      80
      66       1      76
      51       1      66
      41       1      55
      38       0      49
      37       0      42
      31       0      33
      21       0      21
      13       1      14
       8       2      10
       3       4       7
       0       5       5
       0       5       5
       0       5       5
       0       5       5
       0       5       5
