     227     227     227
     213     227     227
     200     228     227
     187     229     227
     174     231     227
     161     233     227
     148     235     227
     135     236     227
     121     238     227
     108     239     227
      95     241     227
      82     241     227
      69     242     227
      56     241     228
      42     240     228
      29     238     229
      16     236     230
       3     232     231
       0     229     232
       0     226     232
       0     224     233
       0     223     234
       0     221     235
       0     220     236
       0     219     236
       0     217     237
       0     215     238
       0     212     239
       0     208     239
       0     203     240
       0     197     241
       0     190     241
       0     181     242
       0     170     243
       0     157     244
       0     142     245
       0     128     248
       1     113     252
       1      98     255
       1      83     255
       1      69     255
       1      55     255
       1      42     255
       1      30     255
       2      20     255
       2      11     255
       2       3     255
       2       0     255
       2       0     255
       2       0     255
       2       0     254
       3       1     241
       3       8     226
       3      18     212
       3      29     198
       3      43     184
       3      57     169
       3      74     155
       2      91     141
       2     108     126
       2     126     112
       2     145      98
       2     163      84
       2     181      69
       2     198      55
       2     215      41
       2     230      26
       2     243      12
       1     255       0
       1     255       0
       1     255       0
       1     255       0
       1     255       0
       1     255       0
       1     255       0
       1     255       0
       1     255       0
       1     255       0
       1     250       0
       1     242       0
       1     234       0
       1     225       0
       1     217       0
       1     209       0
       1     201       0
       0     194       0
       0     188       0
       0     181       0
       0     175       0
       0     169       0
       0     164       0
       0     158       0
       0     154       0
       0     149       0
       0     146       0
       0     142       0
       0     140       0
       0     138       0
       0     137       0
       0     137       0
       0     138       0
       0     140       0
       5     143       0
      20     147       0
      36     152       0
      51     158       0
      66     164       0
      82     171       0
      97     179       0
     113     187       0
     128     195       0
     143     203       1
     158     210       1
     173     218       1
     188     225       1
     203     231       1
     217     237       1
     231     242       1
     245     246       1
     255     249       2
     255     250       2
     255     251       2
     255     250       2
     255     249       2
     255     247       2
     255     244       2
     255     240       2
     255     236       2
     255     231       2
     255     226       2
     250     220       2
     244     214       2
     238     208       2
     234     202       2
     230     196       2
     229     190       2
     229     185       1
     229     180       1
     230     178       1
     231     176       1
     232     176       1
     234     176       1
     235     177       1
     237     178       1
     239     179       0
     241     179       0
     243     179       0
     245     178       0
     247     176       0
     249     173       0
     251     168       0
     252     161       0
     254     152       0
     255     141       0
     255     130       0
     255     120       0
     255     111       0
     255     102       0
     255      93       0
     255      84       0
     255      76       0
     255      67       0
     255      59       0
     255      51       0
     255      43       0
     255      35       0
     255      27       0
     255      19       0
     255      11       0
     253       2       0
     251       0       0
     249       0       0
     246       0       0
     244       0       0
     242       0       0
     240       0       0
     238       0       0
     236       0       0
     234       0       0
     232       0       0
     230       0       0
     228       0       0
     225       0       0
     222       0       0
     219       0       0
     216       0       0
     213       0       0
     209       0       0
     205       0       0
     202       0       0
     198       0       0
     195       0       0
     193       0       0
     190       0       0
     188       0       0
     186       0       0
     185       0       0
     184       0       0
     183       0       0
     183       0       0
     183       0       0
     184       0       0
     185       0       0
     187       0       0
     190       0      12
     193       0      27
     197       0      43
     201       0      58
     207       0      74
     212       0      90
     217       0     106
     223       0     122
     228       0     138
     233       0     154
     238       0     169
     242       0     184
     245       0     198
     248       0     212
     249       0     226
     249       0     239
     248       0     251
     245       3     255
     241       7     255
     236      10     255
     230      12     255
     223      14     255
     215      15     255
     207      17     255
     199      19     254
     191      21     247
     183      24     238
     176      28     230
     169      34     222
     163      40     214
     158      48     208
     154      57     202
     152      69     199
     151      83     198
     152      97     198
     154     110     199
     158     123     201
     162     134     203
     167     145     205
     173     155     209
     179     165     212
     186     174     216
     193     183     220
     201     191     224
     209     199     229
     217     208     233
     225     216     237
     232     225     241
     239     234     245
     246     243     249
     253     253     253
