       0       5       5
       0       5       5
       0       5       5
       0       5       5
       0       5       5
       3       4       7
       8       2      10
      13       1      14
      21       0      21
      31       0      33
      37       0      42
      38       0      49
      41       1      55
      51       1      66
      66       1      76
      76       1      80
      85       0      83
      97       0      87
     111       0      98
     118       0     104
     119       0     108
     121       0     113
     129       0     123
     137       0     130
     141       0     132
     145       0     135
     154       0     142
     166       0     154
     173       0     161
     178       0     167
     184       0     174
     192       2     187
     194      10     194
     192      19     196
     192      26     200
     200      28     210
     215      26     225
     229      19     237
     241      10     246
     250       2     251
     252       0     252
     249       0     247
     240       2     238
     227       5     227
     213       7     218
     203       6     213
     198       4     212
     193       3     213
     186       1     213
     178       0     212
     175       0     213
     174       0     214
     171       0     213
     163       0     210
     158       0     206
     156       0     202
     151       0     198
     143       0     191
     135       0     186
     131       0     183
     127       0     181
     119       0     179
     108       0     175
     101       0     174
      96       0     175
      90       0     173
      79       0     169
      72       1     165
      68       1     163
      65       2     159
      57       2     153
      49       1     146
      45       0     142
      42       0     138
      35       0     135
      24       2     132
      16       7     130
      10      12     130
       5      19     132
       0      31     135
       0      39     138
       0      43     141
       0      47     144
       0      55     149
       0      65     154
       0      70     156
       0      74     157
       0      79     159
       0      90     165
       0      97     169
       0     100     171
       0     104     174
       0     113     180
       0     121     184
       0     125     186
       0     128     187
       0     135     190
       0     145     196
       0     150     200
       0     154     203
       0     159     207
       0     170     212
       0     178     215
       0     182     216
       0     186     217
       0     195     221
       0     206     227
       0     214     231
       0     218     235
       0     223     237
       0     227     239
       0     226     237
       0     222     233
       0     220     230
       0     223     232
       0     231     238
       0     240     245
       0     248     252
       0     254     255
       0     255     253
       1     252     248
       2     246     241
       3     238     232
       4     229     222
       5     224     218
       5     220     217
       5     218     215
       5     214     208
       3     210     198
       2     210     193
       1     210     187
       0     209     178
       0     205     165
       0     202     157
       1     200     153
       1     196     147
       1     191     135
       1     188     126
       1     186     122
       0     185     118
       0     180     110
       0     175     101
       0     171      98
       0     169      97
       0     165      92
       0     160      83
       0     158      77
       0     158      73
       0     156      68
       0     152      57
       0     147      47
       0     144      42
       0     141      37
       1     136      29
       2     130      17
       1     126      10
       0     124       6
       1     123       3
       7     122       0
      11     123       0
      16     124       0
      21     128       0
      30     133       0
      38     139       0
      41     143       0
      44     146       0
      50     150       0
      59     155       0
      63     157       0
      66     157       0
      71     158       0
      82     163       0
      91     167       0
      97     170       0
     103     173       0
     112     178       0
     123     184       0
     128     185       0
     130     186       0
     135     189       0
     145     194       0
     150     198       0
     153     201       1
     157     204       1
     166     209       1
     174     213       1
     178     214       0
     182     215       0
     190     218       0
     203     223       0
     210     226       2
     216     229       4
     222     233       5
     233     239       7
     242     244       8
     246     249       8
     249     250       8
     249     250       7
     249     247       5
     246     244       3
     242     238       2
     236     230       0
     229     220       0
     226     215       0
     225     212       0
     223     207       0
     219     197       0
     216     189       0
     216     185       0
     215     180       0
     211     172       0
     204     162       0
     199     157       0
     195     155       0
     189     149       0
     183     139       0
     180     133       0
     180     129       0
     179     124       0
     176     114       0
     173     104       0
     171      99       1
     169      94       1
     166      87       1
     160      76       1
     157      71       1
     155      68       0
     152      64       0
     146      54       0
     141      47       0
     138      44       0
     135      39       0
     130      31       0
     123      20       0
     116      14       0
     112       9       1
     114       4       2
     122       0       3
     132       0       5
     143       0       6
     156       0       7
     172       0       6
     182       0       5
     185       0       4
     186       0       2
     190       0       0
     198       0       0
     202       0       0
     204       0       0
     209       0       0
     220       0       0
     230       0       0
     237       0       0
     243       0       0
     250       0       0
