     255     150      90
       0       0       0
       0       0       0
       3       3       3
      29      29      29
      50      50      50
      70      70      70
      83      83      83
      94      94      94
     104     104     104
     113     113     113
     122     122     122
     140     140     140
     161     161     161
     179     179     179
     197     197     197
     216     216     216
     232     232     232
     250     250     250
     255     255     255
     255     255     255
     255     255     255
     255     255     255
     255     255     255
     255     255     255
     255     255     255
     255     255     255
     255     255     255
     255     255     255
     255     255     255
     255     255     255
     255     255     255
     255     255     255
     255     255     255
     255     255     255
     255     255     255
     255     255     255
     255     255     255
     255     255     255
     255     255     255
     252     252     252
     247     247     247
     243     243     243
     239     239     239
     235     235     235
     232     232     232
     227     227     227
     223     223     223
     220     220     220
     217     217     217
     214     214     214
     209     209     209
     205     205     205
     203     202     202
     197     198     198
     187     191     195
     176     184     191
     163     176     187
     150     168     183
     140     162     179
     130     156     175
     118     148     171
     106     140     167
      97     134     164
      87     128     161
      74     120     156
      64     113     153
      55     108     149
      42     100     145
      32      94     142
      24      88     139
      13      81     135
       9      81     132
       9      83     130
      10      88     126
      10      90     124
      10      93     121
      11      97     118
      11      99     116
      12     102     113
      12     105     110
      12     107     108
      13     111     104
      12     113     103
      13     117      99
      13     119      97
      13     122      94
      14     125      92
      14     127      90
      15     131      86
      14     133      84
      14     137      81
      15     139      80
      20     140      76
      27     140      73
      35     139      68
      40     139      65
      47     140      61
      53     140      58
      60     141      55
      66     140      52
      72     141      48
      78     141      45
      85     142      41
      91     141      38
      97     142      34
     102     142      31
     109     143      28
     115     143      25
     122     142      22
     127     142      19
     134     143      15
     138     143      13
     146     144       8
     150     144       6
     158     143       2
     162     143       0
     167     141       0
     169     138       0
     171     134       0
     175     130       0
     177     127       0
     181     123       1
     182     121       1
     186     117       0
     188     114       0
     192     110       1
     194     107       1
     196     104       1
     200     100       2
     202      98       1
     206      93       2
     208      90       2
     211      88       2
     214      84       3
     215      82       2
     219      78       3
     221      75       3
     224      73       3
     227      68       4
     229      66       4
     233      62       3
     236      59       2
     237      57       2
     237      53       7
     235      52      11
     231      50      21
     228      48      28
     225      47      33
     220      44      43
     218      43      48
     215      42      54
     210      40      65
     209      39      69
     205      37      78
     202      35      86
     200      34      90
     195      32     100
     192      31     106
     190      30     110
     185      27     121
     183      26     125
     180      24     131
     176      22     141
     174      21     145
     171      20     151
     166      18     161
     164      17     165
     161      15     172
     157      13     181
     155      12     185
     152      11     192
     148       8     201
     146       7     205
     143       6     211
     139       4     217
     137       4     219
     133       5     220
     128       4     222
     126       4     222
     122       4     221
     117       5     222
     115       5     223
     112       5     223
     107       6     224
     105       5     225
     102       5     225
      96       6     226
      94       6     227
      91       6     227
      86       7     228
      83       7     228
      81       6     229
      76       7     230
      73       7     230
      71       7     231
      67       7     231
      62       8     232
      60       8     232
      57       8     232
      52       7     233
      50       7     233
      48       7     234
      43       8     235
      40       8     235
      38       8     236
      34       8     236
      29       9     238
      27       9     239
      24       9     239
      21       9     237
      19       9     236
      19       9     233
      17       8     228
      16       8     223
      16       8     221
      16       8     217
      15       7     210
      14       7     206
      14       7     204
      13       6     198
      13       6     193
      13       6     191
      13       6     188
      12       5     182
      12       5     178
      11       5     176
      11       5     171
      10       4     165
      10       4     162
       9       4     160
       8       3     154
       8       3     149
       7       3     147
       7       3     144
       6       2     137
       6       2     133
       5       2     131
       5       2     127
       4       1     121
       4       1     118
       3       1     116
       3       1     111
       2       0     105
       1       0     102
       1       0     100
       1       0      95
       0       0      89
       0       0      85
       0       0      83
       0       0      80
       0       0      80
       0       0      80
       0       0      80
       0       0      80
