       0       0      45
       0      93     120
       0     111     134
       0     124     144
       0     133     152
       0     140     157
       0     147     163
       0     153     168
       0     158     172
       0     162     175
       0     166     179
       0     171     183
       0     174     185
       0     178     188
       0     182     191
       0     185     193
       0     187     196
       0     190     198
       0     193     200
       0     195     202
       0     198     204
       0     201     206
       0     203     208
       0     206     210
       0     207     211
       0     210     214
       0     211     215
       0     214     217
       0     215     218
       0     218     220
       0     219     221
       0     222     223
       0     223     224
       0     224     225
       0     226     226
       0     228     228
       1     229     227
      12     230     218
      22     231     209
      30     232     201
      40     233     192
      49     234     184
      59     235     175
      68     235     167
      76     236     159
      85     237     151
      93     238     144
     102     239     137
     110     240     129
     118     241     122
     126     241     114
     135     242     107
     143     243     100
     150     244      93
     156     244      87
     163     245      81
     170     246      74
     178     247      67
     186     248      60
     192     247      55
     197     248      50
     205     249      43
     212     250      36
     217     250      33
     224     251      27
     231     252      20
     237     253      15
     241     253      11
     249     254       3
     254     253       0
     255     251       0
     255     248       0
     255     245       0
     255     242       0
     255     238       0
     255     237       0
     255     233       0
     255     230       0
     255     228       0
     255     224       0
     255     222       0
     255     219       0
     255     217       0
     255     214       0
     255     212       0
     255     209       0
     255     206       0
     255     204       0
     255     201       0
     255     199       0
     255     197       0
     255     195       0
     255     192       0
     255     190       0
     255     187       0
     255     185       0
     255     183       0
     255     181       0
     255     179       0
     255     177       0
     255     175       0
     255     172       0
     255     170       0
     255     167       0
     255     166       0
     255     164       0
     255     162       0
     255     161       0
     255     158       0
     255     157       0
     255     154       0
     255     152       0
     255     151       0
     255     148       0
     255     147       0
     255     145       0
     255     143       0
     255     142       0
     255     140       0
     255     138       0
     255     137       0
     255     134       0
     255     133       0
     255     132       0
     255     129       0
     255     128       0
     255     127       0
     255     124       0
     255     123       0
     255     123       0
     254     120       0
     254     119       0
     253     118       0
     252     116       0
     251     115       0
     250     114       0
     248     112       0
     247     111       0
     247     110       0
     246     109       0
     244     107       0
     244     107       0
     243     106       0
     241     104       0
     240     103       0
     240     102       0
     239     101       0
     238      99       0
     237      99       0
     237      98       0
     236      97       0
     234      95       0
     233      94       0
     233      94       0
     231      92       0
     230      91       0
     230      90       0
     230      90       0
     228      88       0
     227      87       0
     227      87       0
     226      86       0
     225      85       0
     223      83       0
     223      83       0
     223      82       0
     222      81       0
     221      80       0
     220      79       0
     220      78       0
     220      78       0
     218      76       0
     217      75       0
     217      75       0
     216      74       0
     215      73       0
     214      72       0
     213      71       0
     213      71       0
     213      70       0
     212      69       0
     211      68       0
     210      67       0
     210      67       0
     209      66       0
     208      65       0
     207      64       0
     206      63       0
     206      63       0
     206      62       0
     205      62       0
     204      60       0
     204      59       0
     203      59       0
     203      58       0
     203      58       0
     202      57       0
     201      56       0
     200      55       0
     200      55       0
     199      54       0
     199      54       0
     198      53       0
     197      52       0
     196      51       0
     196      51       0
     196      50       0
     196      50       0
     195      49       0
     194      48       0
     193      47       0
     193      47       0
     192      46       0
     192      46       0
     191      45       0
     190      44       0
     190      43       0
     189      43       0
     189      43       0
     189      42       0
     188      42       0
     188      41       0
     187      40       0
     187      39       0
     186      39       0
     186      39       0
     186      38       0
     186      38       0
     185      37       0
     184      36       0
     184      35       0
     183      35       0
     183      35       0
     182      34       0
     182      34       0
     181      34       0
     181      33       0
     180      32       0
     179      31       0
     179      31       0
     179      31       0
     179      30       0
     179      30       0
     178      30       0
     178      29       0
     177      28       0
     177      27       0
     176      26       0
     176      26       0
     176      25       0
     175      25       0
     175      24       0
     175      24       0
     175      24       0
     175      24       0
     175      24       0
