     255       0       0
     246       0       0
     236       0       0
     228       0       2
     224       1      11
     231      10      26
     244      20      40
     251      28      49
     239      29      48
     220      22      36
     197      10      19
     173       1       4
     148       1       0
     142       9       9
     145      20      23
     145      28      34
     131      28      34
     117      21      26
     106      11      15
      98       2       3
      93       0       0
      95       0       0
     102       0       0
     114       6       0
     127      19       0
     136      30       0
     144      41       0
     153      56       0
     162      70       0
     164      75       0
     163      77       0
     165      83       0
     170      95       0
     174     103       0
     177     108       0
     179     113       0
     180     116       0
     178     113       0
     175     108       0
     174     108       0
     176     114       0
     178     119       0
     181     125       0
     186     135       0
     195     147       0
     201     153       0
     206     157       0
     212     164       0
     217     175       0
     216     179       0
     213     181       0
     212     186       0
     219     200       0
     231     214       2
     242     224       4
     251     233       6
     255     243       6
     253     249       6
     247     250       4
     237     247       2
     224     242       0
     212     236       0
     205     230       0
     202     226       0
     197     220       0
     187     212       3
     180     206       7
     178     205      11
     175     203      15
     168     201      18
     158     197      22
     155     197      23
     153     197      23
     146     195      22
     127     188      19
     107     181      16
      92     175      14
      78     169      11
      60     160       8
      35     148       4
      20     139       0
      12     134       0
       8     130       0
       3     128       0
       0     125       1
       0     125       3
       0     127       5
       0     131      10
       0     137      20
       0     144      34
       0     148      43
       0     152      51
       0     156      59
       0     163      72
       0     174      89
       0     182      98
       0     187     101
       0     192     105
       0     196     115
       0     201     132
       3     203     146
       5     202     156
       7     199     164
       9     198     173
       9     200     185
       9     203     194
       7     205     196
       5     208     195
       3     211     194
       0     216     196
       0     223     203
       0     229     209
       0     233     213
       0     236     216
       0     238     221
       0     239     228
       0     240     236
       0     239     241
       0     238     245
       0     235     248
       0     230     249
       1     223     249
       3     216     249
       4     212     248
       6     208     245
       7     204     241
       8     199     237
       9     192     231
      10     183     226
      11     179     224
      11     177     224
      10     175     224
      10     172     222
      10     165     216
       9     155     204
       2     142     191
       0     130     178
       0     119     166
       0     112     157
       0     110     151
       4     113     149
      34     122     153
      65     134     159
      95     149     169
     125     165     181
     155     181     194
     186     198     208
     217     213     223
     242     225     236
     254     231     246
     256     232     252
     251     230     255
     243     226     257
     235     222     256
     230     220     255
     229     219     253
     227     219     249
     225     218     244
     223     218     238
     221     217     232
     217     215     224
     213     212     216
     209     209     208
     204     206     202
     202     203     198
     200     201     196
     198     200     196
     197     198     195
     195     195     194
     192     192     192
     188     188     188
     185     185     185
     184     184     184
     183     183     183
     183     183     183
     182     182     182
     181     181     181
     178     178     178
     174     174     174
     171     171     171
     169     169     169
     168     168     168
     167     167     167
     166     166     166
     164     164     164
     160     160     160
     155     155     155
     147     147     147
     140     140     140
     135     135     135
     130     130     130
     126     126     126
     122     122     122
     117     117     117
     112     112     112
     107     107     107
      99      99      99
      93      93      93
      89      89      89
      88      88      88
      87      87      87
      87      87      87
      87      87      87
      86      86      86
      84      84      84
      79      79      79
      73      73      73
      66      66      66
      61      61      61
      56      56      56
      51      51      51
      47      47      47
      43      43      43
      39      39      39
      35      35      35
      31      31      31
      25      25      25
      21      21      21
      17      17      17
      16      16      16
      15      15      15
      15      15      15
      15      15      15
      16      16      16
      17      17      17
      17      17      17
      16      16      16
      15      15      15
      13      13      13
      11      11      11
      10      10      10
       8       8       8
       7       7       7
       6       6       6
       5       5       5
       4       4       4
       3       3       3
       2       2       2
       1       1       1
       0       0       0
       0       0       0
       0       0       0
       0       0       0
       0       0       0
       0       0       0
       0       0       0
       0       0       0
       0       0       0
       0       0       0
       0       0       0
       0       0       0
       0       0       0
       0       0       0
       0       0       0
       0       0       0
