       0       0      80
       1       0      95
       3       1     110
       5       2     125
       7       3     140
       9       4     155
      11       5     170
      13       6     185
      14       7     199
      16       8     214
      18       9     229
      23       9     239
      34       9     237
      45       8     235
      56       8     233
      67       8     232
      78       7     230
      89       7     228
     100       6     226
     111       6     224
     122       5     222
     133       5     221
     143       6     212
     152      11     193
     161      15     174
     170      20     154
     179      24     135
     188      29     116
     197      33      97
     206      38      78
     214      42      58
     223      46      39
     232      51      20
     238      56       4
     232      64       4
     225      72       4
     218      80       3
     212      87       3
     205      95       2
     198     103       2
     192     111       1
     185     119       1
     179     126       1
     172     134       0
     166     142       0
     155     144       4
     142     144      11
     130     143      18
     117     143      25
     104     143      31
      92     142      38
      79     142      45
      67     141      52
      54     141      58
      42     140      65
      30     140      72
      17     140      79
      15     135      83
      15     130      88
      14     125      93
      14     120      97
      13     115     102
      13     110     106
      12     105     111
      12     101     115
      11      96     120
      11      91     124
      10      86     129
      10      81     133
      20      86     138
      35      96     143
      50     105     148
      66     115     154
      81     125     159
      96     134     164
     111     144     169
     126     153     174
     141     163     180
     156     172     185
     171     181     190
     186     191     195
     200     200     200
     204     204     204
     208     208     208
     213     213     213
     217     217     217
     221     221     221
     225     225     225
     230     230     230
     234     234     234
     238     238     238
     242     242     242
     246     246     246
     250     250     250
     255     255     255
     255     255     255
     255     255     255
     255     255     255
     255     255     255
     255     255     255
     255     255     255
     255     255     255
     255     255     255
     255     255     255
     255     255     255
     255     255     255
     255     255     255
     255     255     255
     255     255     255
     255     255     255
     255     255     255
     255     255     255
     255     255     255
     255     255     255
     255     255     255
     255     255     255
     255     255     255
     255     255     255
     255     255     255
     255     255     255
     255     255     255
     255     255     255
     254     254     254
     245     245     245
     236     236     236
     227     227     227
     219     219     219
     210     210     210
     201     201     201
     193     193     193
     184     184     184
     175     175     175
     167     167     167
     158     158     158
     150     150     150
     142     142     142
     133     133     133
     125     125     125
     121     121     121
     118     118     118
     115     115     115
     112     112     112
     109     109     109
     106     106     106
     102     102     102
      99      99      99
      96      96      96
      93      93      93
      90      90      90
      87      87      87
      84      84      84
      81      81      81
      78      78      78
      75      75      75
      71      71      71
      67      67      67
      62      62      62
      58      58      58
      53      53      53
      49      49      49
      45      45      45
      40      40      40
      36      36      36
      32      32      32
      28      28      28
      23      23      23
      19      19      19
      15      15      15
      11      11      11
       7       7       7
       3       3       3
       0       0       0
       0       0       0
       0       0       0
       0       0       0
       0       0       0
       0       0       0
       0       0       0
       0       0       0
       0       0       0
       0       0       0
       0       0       0
       0       0       0
       0       0       0
       0       0       0
       0       0       0
       0       0       0
       0       0       0
       0       0       0
       0       0       0
       0       0       0
       2       1       1
       7       4       3
      11       8       5
      16      11       8
      20      14      10
      25      17      12
      29      20      14
      34      24      17
      38      27      19
      43      30      21
      47      33      23
      51      36      25
      56      39      28
      60      42      30
      64      45      32
      68      47      34
      72      50      36
      76      53      38
      80      56      40
      84      59      42
      88      61      44
      92      64      46
      96      67      48
     100      70      50
     105      72      51
     111      75      52
     117      78      54
     122      81      55
     128      84      57
     133      87      58
     138      90      60
     144      92      61
     149      95      62
     154      98      64
     159     100      65
     164     103      66
     169     105      67
     173     108      69
     178     110      70
     182     112      71
     187     115      72
     191     117      73
     196     119      74
     200     121      75
     204     123      76
     208     125      77
     212     127      78
     215     129      79
     219     131      80
     222     133      81
     226     135      82
     229     136      83
     232     138      84
     235     140      85
     238     141      85
     241     142      86
     243     144      87
     245     145      87
     248     146      88
     250     147      88
     251     148      89
     253     149      89
     254     149      89
     255     150      90
