     184       0     183
     165       0     172
     154       4     163
     159       0     179
     157       0     184
     151       0     185
     147       0     188
     142       0     191
     140       0     191
     134       6     182
     130       5     183
     125       6     186
     120       6     189
     117       7     191
     115       5     188
     113       6     191
     107       5     192
     102       5     194
      97       4     196
      99       3     198
      99       1     200
      95       0     203
      91       2     204
      86       4     200
      81       2     192
      79       4     196
      77       1     213
      74       3     212
      70       3     205
      66       1     213
      62       1     218
      60       2     218
      55       1     221
      50       2     224
      47       2     225
      42       3     229
      40       5     232
      37       7     233
      34       9     233
      32      13     235
      30      14     235
      25      20     229
      24      22     230
      19      25     231
      16      29     232
      13      31     232
       6      33     244
       6      37     249
       3      37     248
       3      41     243
       0      41     232
       1      49     238
       0      51     242
       0      52     243
       0      56     245
       0      61     248
       0      64     250
       0      60     254
       0      62     253
       0      66     255
       0      69     255
       0      72     255
       0      77     245
       1      79     246
       0      82     243
       1      85     241
       1      86     237
       1      88     237
       0      90     236
       0      92     237
       0      95     238
       0      98     239
       0      99     239
       0     102     235
       0     109     243
       2     106     225
       8     108     219
       3     112     229
       0     117     230
       0     119     226
       0     122     219
       0     125     211
       0     127     205
       0     131     201
       0     136     198
       0     137     193
       0     139     187
       0     142     185
       0     143     183
       0     147     182
       0     149     177
       0     152     171
       0     155     161
       0     158     158
       0     161     152
       0     162     148
       0     165     140
       0     169     133
       0     171     126
       0     174     125
       4     180     131
       4     172     119
       2     185     121
       0     185     111
       0     186     109
       0     191      90
       0     191      87
       0     195      82
       0     196      77
       0     199      74
       0     206      70
       0     206      63
       0     208      57
       1     211      51
       5     215      46
      10     218      46
      15     218      41
      24     220      38
      36     223      32
      46     226      28
      51     226      23
      61     234      20
      66     236      16
      73     238       8
      81     240       2
      86     240       0
     103     250      11
     101     241      21
     103     249       0
     118     255       5
     113     251       0
     133     255       3
     139     255       2
     148     255       3
     160     255       2
     169     255       3
     176     255       2
     180     255       3
     186     255       3
     197     255       3
     206     255       2
     212     255       1
     220     255       3
     226     255       2
     234     255       1
     244     255       0
     250     255       0
     255     255       1
     250     253       0
     249     252       0
     249     252       0
     252     253      10
     249     247      24
     250     250      21
     255     255       5
     254     252       0
     255     251       2
     255     249       0
     255     244       0
     255     244       0
     255     242       1
     255     239       0
     253     236       0
     252     234       3
     254     233       6
     255     231       5
     255     228       4
     255     224       2
     255     221       0
     254     218       2
     254     214       2
     255     211       1
     255     207       0
     255     206       0
     255     206       0
     251     199       5
     252     199       0
     252     197      12
     238     177      24
     248     193       6
     250     194       0
     250     191       0
     251     187       0
     252     184       0
     253     181       0
     252     178       3
     251     177       2
     250     174       2
     248     172       1
     248     170       0
     255     163       6
     255     161       4
     255     156       1
     255     153       0
     255     150       0
     255     149       1
     255     149       2
     255     146       2
     255     142       1
     255     140       0
     254     138       0
     255     132       1
     253     133       0
     243     122       6
     255     131      25
     252     124       6
     249     127       0
     250     125       3
     250     121       2
     252     117       5
     251     113       6
     250     111       5
     249     108       3
     251     105       4
     252     102       5
     255     100       5
     255      99       6
     249      97       4
     249      94       2
     250      91       1
     251      87       0
     252      86       0
     255      81       1
     255      79       2
     255      77       0
     255      74       0
     255      71       0
     254      67       0
     250      71       5
     239      66      14
     252      65      10
     255      58       0
     255      61       2
     247      56       1
     244      53       1
     241      49       2
     238      45       2
     237      43       4
     228      39       0
     228      38       1
     224      36       1
     222      33       5
     219      31       6
     216      29       5
     213      27       4
     210      24       4
     206      20       5
     202      17       4
     199      15       3
     195      16       0
     192      13       0
     189      10       0
     185       7       0
     182       5       0
     188       0       0
     255       0       0
