       1       1       1
       4       4       4
       7       7       7
      12      12      12
      17      17      17
      20      20      20
      24      24      24
      28      28      28
      30      30      30
      33      33      33
      38      38      38
      40      40      40
      43      43      43
      47      47      47
      49      49      49
      51      51      51
      56      56      56
      58      58      58
      61      61      61
      66      66      66
      67      67      67
      68      68      68
      73      73      73
      76      76      76
      79      79      79
      83      83      83
      85      85      85
      86      86      86
      90      90      90
      94      94      94
      97      97      97
     104     104     104
     108     108     108
     110     110     110
     116     116     116
     120     120     120
     122     122     122
     127     127     127
     131     131     131
     133     133     133
     137     137     137
     140     140     140
     141     141     141
     144     144     144
     149     149     149
     151     151     151
     155     155     155
     159     159     159
     159     159     159
     162     162     162
     166     166     166
     169     169     169
     172     172     172
     176     176     176
     176     176     176
     179     179     179
     193     183     183
     217     182     182
     213     189     189
     158     211     211
      94     231     230
      28     248     247
       0     255     255
       0     255     255
       0     249     252
       0     234     244
       0     223     237
       0     212     231
       0     198     224
       0     194     221
       0     194     221
       0     188     218
       0     185     216
       0     183     215
       0     177     211
       0     173     209
       0     170     208
       0     164     205
       0     160     202
       0     157     201
       0     152     198
       0     148     196
       0     146     195
       0     139     191
       0     130     186
       0     124     183
       0     115     178
       0     108     174
       0     106     173
       0     102     171
       0      97     168
       0      94     167
       0      90     164
       0      84     161
       0      82     160
       0      78     157
       0      72     154
       0      70     153
       0      66     151
       0      60     148
       0      60     148
       0      56     145
       0      42     138
       0      31     132
       0      19     125
       0       5     118
       0       0     117
       0       0     116
       0       1     112
       0       5     110
       0      13     107
       0      25     103
       0      31     100
       0      36      98
       0      46      94
       0      52      91
       0      56      89
       0      67      84
       0      73      81
       0      77      80
       0      87      75
       0      94      72
       0      97      70
       0     107      66
       0     115      63
       0     119      61
       0     128      57
       0     136      54
       0     140      52
       0     148      48
       0     157      43
       0     161      42
       0     168      38
       0     176      35
       0     178      34
       0     187      30
       0     204      23
       0     215      18
       0     229      12
       0     245       4
       0     250       2
       0     253       0
       4     255       0
      10     255       0
      20     255       0
      33     255       0
      38     255       0
      44     255       0
      57     255       0
      63     255       0
      70     255       0
      83     255       0
      89     255       0
      94     255       0
     107     255       0
     114     255       0
     119     255       0
     132     255       0
     139     255       0
     144     255       0
     156     255       0
     164     255       0
     169     255       0
     181     255       0
     189     255       0
     194     255       0
     205     255       0
     214     255       0
     219     255       0
     230     255       0
     242     255       0
     248     255       0
     254     255       0
     255     250       0
     255     246       0
     255     232       0
     255     213       0
     255     200       0
     255     183       0
     255     166       0
     255     162       0
     255     156       0
     255     144       0
     255     139       0
     255     132       0
     255     119       0
     255     114       0
     255     107       0
     255      94       0
     255      89       0
     255      83       0
     255      70       0
     255      64       0
     255      58       0
     255      45       0
     255      38       0
     255      33       0
     255      20       0
     255      10       0
     255       4       0
     252       0       0
     247       0       0
     239       0       0
     226       0       0
     218       0       0
     213       0       0
     201       0       0
     193       0       0
     188       0       0
     177       0       0
     168       0       0
     163       0       0
     152       0       0
     144       0       0
     142       0       0
     129       0       0
     110       0       0
      97       0       0
      80       0       0
      63       0       0
      60       0       0
      53       0       0
      42       0       0
      37       0       0
      30       0       0
      15       0       0
       5       0       0
       0       0       0
       1       4       4
       7      10      10
      19      19      19
      33      33      33
      38      38      38
      44      44      44
      57      57      57
      63      63      63
      69      69      69
      82      82      82
      89      89      89
      94      94      94
     107     107     107
     114     114     114
     119     119     119
     132     132     132
     139     139     139
     144     144     144
     156     156     156
     164     164     164
     169     169     169
     181     181     181
     189     189     189
     194     194     194
     205     205     205
     216     216     216
     223     223     223
     230     230     230
