     245       0       3
     245       2       3
     245       4       3
     245      10       3
     245      14       3
     245      19       3
     245      24       2
     245      27       2
     245      33       1
     245      36       1
     245      39       1
     245      44       0
     245      47       0
     244      52       0
     244      56       0
     244      59       0
     245      64       0
     245      65       0
     246      69       0
     246      73       0
     246      75       0
     246      81       0
     246      83       0
     246      88       0
     246      92       0
     246      94       0
     245      99       0
     245     101       0
     245     105       0
     246     109       0
     246     110       0
     247     118       0
     246     124       0
     246     131       0
     247     138       0
     247     139       0
     248     143       0
     248     146       0
     248     149       0
     247     154       0
     247     156       0
     248     161       0
     248     164       0
     248     166       0
     249     172       0
     248     174       0
     249     178       0
     249     182       0
     249     184       0
     250     189       0
     250     191       0
     250     195       0
     249     199       0
     249     201       0
     250     207       0
     250     209       0
     250     213       0
     251     217       0
     251     219       0
     252     225       0
     251     227       0
     251     230       0
     252     234       0
     252     235       0
     253     242       0
     255     249       0
     255     254       0
     251     255       0
     247     251       0
     239     243       0
     234     238       0
     230     234       0
     222     226       0
     219     223       0
     213     217       0
     207     211       0
     203     207       0
     196     200       0
     192     197       0
     187     191       0
     181     184       4
     177     180      10
     169     172      19
     166     168      24
     161     164      28
     154     157      34
     151     155      36
     144     147      41
     139     142      44
     135     137      47
     127     129      52
     125     127      54
     118     120      59
     115     116      60
     111     112      62
      99      99      69
      91      91      73
      79      79      79
      72      72      82
      70      69      83
      62      61      87
      59      58      88
      54      52      92
      47      45      94
      44      41      96
      36      31      99
      32      27     101
      27      20     103
      21       9     106
      18       4     107
      10       0     111
       4       0     113
       2       0     115
       2       0     118
       6       0     119
      12       0     121
      16       0     123
      19       0     124
      24       2     128
      25       6     129
      29      14     132
      33      20     134
      36      24     135
      42      32     138
      44      34     140
      48      39     143
      51      43     144
      53      45     145
      62      55     149
      68      62     152
      76      70     156
      82      77     160
      83      78     161
      88      83     164
      90      85     165
      93      88     167
      97      93     170
     100      96     171
     105     101     173
     108     105     175
     111     108     177
     116     113     179
     119     116     180
     124     121     183
     127     124     185
     129     126     187
     135     132     190
     137     135     191
     142     140     194
     146     144     196
     148     146     197
     154     152     200
     156     154     201
     161     159     204
     165     163     206
     167     165     207
     172     170     210
     174     173     212
     178     177     214
     182     181     216
     184     183     217
     192     191     221
     199     198     224
     205     204     227
     212     211     231
     214     212     233
     218     217     235
     221     221     236
     225     224     238
     230     230     240
     232     232     242
     237     237     245
     240     240     247
     243     243     248
     250     249     252
     254     253     255
     254     255     254
     252     253     250
     246     249     244
     238     244     235
     236     241     232
     231     238     226
     225     234     219
     222     233     215
     214     229     206
     211     226     201
     207     223     196
     201     219     189
     198     218     186
     191     213     178
     189     211     174
     184     208     168
     173     200     155
     166     195     146
     155     188     132
     150     185     126
     147     183     123
     140     179     114
     138     177     111
     133     173     103
     128     170      98
     124     168      94
     117     163      85
     114     161      81
     110     158      75
     104     154      68
     100     152      64
      93     147      54
      91     145      50
      86     141      44
      80     137      34
      76     135      28
      72     131      23
      71     130      22
      71     128      24
      69     126      23
      69     124      23
      65     119      22
      63     114      21
      60     109      20
      57     103      19
      56     101      19
      54      98      18
      52      95      18
      51      92      17
      48      88      16
      48      87      16
      45      82      15
      42      76      14
      40      72      13
      36      65      12
      34      64      11
      33      61      11
      31      57      10
      30      54      10
      27      49       9
      26      48       9
      23      45       8
      20      39       7
      18      36       6
      16      32       5
      14      30       4
      13      28       4
      12      26       3
      11      24       2
      10      22       1
       9      20       0
       8      18       0
       7      16       0
       6      14       0
       5      12       0
       4      10       0
       3       8       0
       2       7       0
       1       4       0
       0       2       0
