     255       9       0
     255      11       0
     255      14       0
     255      19       0
     255      21       0
     255      24       0
     255      28       0
     255      30       0
     255      34       0
     255      38       0
     255      40       0
     255      45       0
     255      48       0
     255      50       0
     255      55       0
     255      58       0
     255      61       0
     255      65       0
     255      66       0
     255      71       0
     255      74       0
     255      76       0
     255      81       0
     255      83       0
     255      87       0
     255      91       0
     255      93       0
     255      97       0
     255     101       0
     255     103       0
     255     108       0
     255     108       0
     255     112       0
     255     119       0
     255     125       0
     255     132       0
     255     137       0
     255     138       0
     255     143       0
     255     145       0
     255     147       0
     255     152       0
     255     154       0
     255     158       0
     255     161       0
     255     164       0
     255     169       0
     255     171       0
     255     174       0
     255     179       0
     255     181       0
     255     185       0
     255     188       0
     255     190       0
     255     194       0
     255     197       0
     255     199       0
     255     204       0
     255     207       0
     255     210       0
     255     214       0
     255     216       0
     255     221       0
     255     224       0
     255     226       0
     255     231       0
     255     232       0
     255     236       0
     255     245       0
     255     252       0
     254     255       0
     250     253       2
     245     246       4
     238     238       7
     234     234       9
     229     229      11
     222     222      14
     220     220      15
     213     213      18
     208     208      20
     204     204      22
     197     197      25
     194     194      27
     189     189      29
     182     182      32
     179     179      33
     173     173      36
     167     167      38
     165     165      40
     157     157      43
     154     154      45
     150     150      46
     142     142      50
     139     139      51
     133     133      54
     128     128      57
     125     125      58
     118     118      62
     115     115      63
     110     110      65
      99      99      70
      91      91      74
      81      81      79
      73      73      82
      71      71      83
      64      64      86
      60      60      87
      56      56      89
      49      49      92
      46      46      94
      40      40      96
      34      34      99
      31      31     100
      24      24     104
      20      20     105
      16      16     107
       8       8     110
       2       2     112
       0       0     114
       0       0     117
       4       4     118
      10      10     120
      13      13     122
      16      16     123
      21      21     126
      23      23     128
      26      26     130
      31      31     133
      34      34     134
      39      39     136
      42      42     138
      44      44     139
      49      49     142
      50      50     142
      55      55     144
      63      63     149
      69      69     152
      77      77     156
      81      81     159
      82      82     160
      87      87     163
      89      89     164
      92      92     166
      97      97     168
      99      99     169
     104     104     172
     108     108     174
     109     109     175
     115     115     178
     118     118     179
     121     121     180
     126     126     183
     128     128     185
     132     132     188
     136     136     190
     138     138     191
     143     143     193
     146     146     195
     148     148     196
     154     154     199
     156     156     200
     160     160     202
     164     164     205
     166     166     206
     171     171     208
     174     174     210
     176     176     212
     181     181     215
     183     183     216
     187     187     218
     196     196     222
     201     201     225
     209     209     230
     213     213     232
     214     214     232
     219     219     235
     222     222     236
     225     225     238
     230     230     241
     232     232     242
     237     237     245
     240     240     247
     243     243     248
     249     248     251
     253     253     255
     255     254     255
     253     254     252
     248     251     247
     241     246     238
     236     242     233
     233     240     230
     226     235     222
     223     233     218
     219     231     213
     212     227     205
     210     225     202
     204     221     195
     199     218     189
     196     216     186
     189     212     178
     187     210     176
     183     207     171
     172     200     158
     165     195     149
     155     189     138
     147     184     129
     145     183     127
     139     179     120
     136     176     115
     132     173     111
     125     169     103
     122     167     100
     117     164      94
     111     160      87
     109     158      84
     102     154      76
      98     152      71
      95     150      67
      88     145      59
      85     143      56
      80     139      51
      74     135      42
      70     133      38
      65     130      33
      64     128      32
      64     127      34
      63     124      33
      62     124      33
      61     121      32
      58     115      30
      56     111      29
      53     104      27
      51     101      26
      51     100      26
      48      95      25
      47      93      24
      46      91      24
      44      87      23
      44      86      23
      41      81      21
      38      75      20
      36      71      19
      33      65      17
      32      63      16
      31      61      16
      29      57      15
      28      55      14
      26      51      13
      24      48      13
      23      47      12
      21      42      11
      21      41      11
      19      37      10
      11      23       6
       5      11       3
       0       0       0
