      25      49     218
       9      52     244
      10      56     229
      12      60     221
       9      65     217
       1      71     209
       8      76     202
       4      76     191
       2      82     184
       4      86     173
       5      89     168
       0      97     162
       4     101     154
       0     108     148
       2     112     144
       0     117     138
       0     121     126
       0     128     126
       0     129     109
       0     137     109
       0     144     100
       0     150      94
       0     153      86
       0     162      82
       0     167      76
       0     170      71
       0     175      68
       3     177      60
      10     180      57
      17     183      54
      20     186      54
      22     190      50
      25     194      45
      31     195      44
      34     199      42
      38     200      36
      40     201      37
      41     207      33
      46     209      28
      50     213      28
      54     218      26
      55     218      21
      59     221      20
      64     226      18
      69     229      10
      71     230       9
      75     236       6
      76     238       0
      80     241       0
      85     243       0
      88     247       0
      93     248       0
      99     255       0
     104     246       0
     109     238       0
     118     235       0
     124     232       0
     131     224       0
     136     218       0
     143     215       0
     148     213       0
     153     207       0
     159     199       0
     165     196       0
     173     192       0
     179     187       0
     190     180       0
     193     177       0
     197     172       0
     204     169       0
     213     166       0
     219     161       0
     225     154       0
     233     151       0
     233     141       0
     245     142       0
     251     135       0
     255     134       0
     255     125       0
     255     115       0
     255     110       0
     255     103       0
     255      98       0
     254      94       0
     251      89       0
     251      85       0
     248      78       0
     249      72       0
     250      65       0
     249      60       0
     246      55       0
     244      51       0
     239      46       0
     240      42       0
     237      36       0
     236      31       0
     242      27       0
     237      24       0
     237      22       0
     233      16       0
     229      10       0
     229       5       0
     230       0       0
     224       0       0
     222       0       0
     213       0       0
     208       0       0
     199       0       0
     192       0       0
     197       0       0
     187       0       0
     181       0       0
     178       0       0
     170       0       0
     167       0       0
     164       0       0
     160       0       0
     153       0       0
     146       0       0
     144       0       0
     139       0       0
     133       0       0
     130       0       0
     126       0       0
     122       0       0
     116       0       0
     109       0       0
     116       0       0
     121       0       6
     119       0       9
     121       0      12
     123       0      15
     124       0      18
     129       0      23
     128       0      24
     133       0      26
     133       0      31
     136       0      32
     139       0      34
     141       0      36
     146       0      44
     145       0      43
     148       0      49
     148       0      49
     155       0      54
     154       0      57
     155       0      62
     157       0      65
     160       0      69
     165       0      74
     166       0      75
     169       0      82
     168       0      84
     171       0      88
     173       0      92
     177       0      95
     177       0      98
     181       0     104
     186       0     108
     188       0     114
     184       0     111
     189       0     119
     189       0     123
     191       0     130
     191       0     133
     190       0     135
     200       0     141
     199       2     142
     203       0     146
     210       0     154
     210       5     160
     211       1     162
     214       0     166
     211       0     168
     217       0     174
     222       3     178
     223       3     186
     225       3     194
     229       3     198
     231       4     204
     235       4     204
     234       4     208
     236       5     213
     240       5     222
     242       4     224
     241       5     228
     246       6     233
     251       6     236
     252       6     241
     255       6     248
     255       7     252
     255       9     253
     255      13     254
     255      14     254
     255      16     253
     253      18     253
     254      20     254
     255      22     253
     255      25     254
     255      28     255
     255      30     255
     255      33     255
     255      34     254
     254      39     254
     254      43     254
     254      46     251
     253      49     253
     254      52     255
     255      55     254
     255      57     254
     255      62     254
     255      67     253
     255      69     255
     254      71     250
     255      79     254
     254      83     253
     255      86     255
     255      90     254
     255      93     253
     255      96     254
     255     100     254
     255     103     254
     255     109     255
     255     112     254
     255     116     253
     255     119     254
     255     124     250
     255     127     252
     255     132     254
     255     137     253
     254     137     251
     254     142     254
     254     148     253
     252     151     253
     255     158     255
     254     160     254
     253     164     255
     255     169     255
     255     173     254
     255     177     255
     255     182     255
     255     185     255
     255     189     253
     255     196     254
     253     199     254
     253     206     255
     255     208     254
     254     214     254
     253     218     254
     253     224     251
     252     227     251
     255     231     255
     253     235     252
     254     241     252
     254     246     253
     254     251     252
