       0      84     125
       0      85     128
       0      87     130
       0      89     132
       0      90     134
       0      92     135
       0      94     137
       0      95     139
       0      97     141
       0      99     143
       0     101     146
       0     102     150
       0     104     154
       0     107     160
       0     109     167
       0     112     175
       0     114     184
       0     115     194
       0     116     205
       0     117     216
       0     117     227
       0     117     238
       0     117     248
       0     117     255
       0     117     255
       0     117     255
       0     117     255
       0     118     255
       0     119     255
       0     120     255
       0     123     255
       0     125     242
       0     126     229
       0     128     214
       0     129     198
       0     129     181
       0     130     164
       0     131     146
       0     132     128
       0     133     109
       0     134      90
       0     136      72
       0     138      53
       0     141      35
       0     145      17
       0     150       0
       0     154       0
       0     158       0
       0     161       0
       0     164       0
       0     166       0
       0     168       0
       0     170       0
       0     172       0
       0     174       0
       0     177       0
       0     180       0
       0     183       0
       0     188       0
       0     193       0
       0     200       0
       0     207       0
       0     213       0
       0     220       0
       0     227       0
       0     233       0
       0     239       0
       0     244       0
       0     249       0
       0     252       0
       0     255       0
       0     255       0
       0     255       0
       0     255       0
       0     255       0
       0     255       0
       9     250       0
      19     245       0
      28     239       0
      37     232       0
      46     224       0
      55     216       0
      64     207       0
      73     198       0
      82     190       0
      92     181       0
     102     173       0
     113     166       0
     124     159       0
     137     154       0
     150     150       0
     161     147       0
     170     145       0
     177     144       0
     181     145       0
     184     147       0
     186     149       0
     186     153       0
     186     157       0
     186     161       0
     186     167       0
     186     173       0
     187     179       0
     190     186       0
     194     193       0
     200     200       0
     206     207       0
     212     214       0
     217     222       0
     221     230       0
     225     238       0
     229     245       0
     232     252       0
     235     255       0
     237     255       0
     240     255       0
     242     255       0
     245     255       0
     248     255       0
     251     255       0
     255     255       0
     255     246       0
     255     237       0
     255     226       0
     255     215       0
     255     203       0
     255     191       0
     255     178       0
     255     165       0
     255     152       0
     255     139       0
     255     127       0
     255     115       0
     255     104       0
     255      94       0
     255      85       0
     255      77       0
     255      72       0
     255      70       0
     255      69       0
     255      70       0
     255      73       0
     255      77       0
     255      81       0
     255      87       0
     255      93       0
     255     100       0
     255     107       0
     255     113       0
     255     119       0
     255     125       0
     255     130       0
     255     136       0
     255     142       0
     255     148       0
     255     154       0
     255     160       0
     255     165       0
     255     169       0
     255     172       0
     255     175       0
     255     175       0
     255     174       0
     255     171       0
     255     167       0
     255     160       0
     247     151       0
     240     142       0
     232     132       0
     224     122       0
     216     111       0
     208     101       0
     200      89       0
     192      78       0
     184      67       0
     177      55       0
     170      44       0
     164      33       0
     158      21       0
     154      10       0
     150       0       0
     147       0       0
     145       0       0
     144       0       0
     145       0       0
     147       0       0
     149       0       0
     153       0       0
     157       0       0
     162       0       0
     167       0       0
     173       0       0
     179       0       0
     186       0       0
     193       0       0
     200       0       0
     207       0       0
     213       0       0
     220       0       0
     227       0       0
     233       0       0
     239       0       0
     244       0       0
     249       0       0
     252       0       0
     255       0       0
     255       0       0
     255       0       0
     255       0       0
     255       0       0
     255       0       0
     250       0       9
     245       0      19
     239       0      28
     232       0      37
     224       0      46
     216       0      55
     207       0      64
     198       0      73
     190       0      82
     181       0      92
     173       0     102
     166       0     113
     159       0     124
     154       0     137
     150       0     150
     147       0     161
     145       0     170
     144       0     177
     145       0     181
     147       0     184
     149       0     186
     153       0     186
     157       0     186
     162       0     186
     167       0     186
     173       0     186
     179       0     187
     186       0     190
     193       0     194
     200       0     200
     206       0     206
     212       0     212
     217       0     217
     221       0     221
     225       0     225
     229       0     229
     232       0     232
     235       0     235
     237       0     237
     240       0     240
     242       0     242
     245       0     245
     248       0     248
     251       0     251
     255       0     255
