      15      13       7
      17      14       7
      20      16       7
      26      20       8
      29      23       8
      33      26       8
      38      29       9
      40      30      10
      48      35      11
      53      39      11
      60      44      12
      74      54      13
      81      59      14
      92      67      16
      98      70      17
     101      72      17
     114      81      18
     131      94      19
     123      89      19
      86      64      20
      44      36      19
      11      15      22
      16      20      28
      28      28      29
      17      17      17
       3       3       3
       1       1       1
      13      13      13
      31      31      31
      42      42      42
      41      41      41
      41      41      41
      44      44      44
      47      47      47
      54      54      54
      58      58      58
      65      65      65
      72      72      72
      76      76      76
      83      83      83
      87      87      87
      91      91      91
      98      98      98
     101     101     101
     110     110     110
     116     116     116
     121     121     121
     129     129     129
     131     131     131
     138     138     138
     146     146     146
     151     151     151
     161     161     161
     164     164     164
     170     170     170
     180     180     180
     185     185     185
     195     195     195
     199     199     199
     203     203     203
     212     212     212
     217     217     217
     228     228     228
     236     236     236
     241     241     241
     250     251     250
     255     255     253
     254     254     255
     250     243     254
     243     226     251
     234     202     249
     232     193     250
     229     180     251
     224     164     252
     222     157     252
     217     139     253
     214     129     254
     212     119     254
     207     102     255
     204      95     255
     200      79     255
     196      68     255
     195      61     255
     190      42     255
     188      32     255
     185      20     255
     181       7     255
     179       3     255
     175       0     255
     175       0     255
     170       0     255
     159       0     255
     149       0     255
     136       0     255
     132       0     255
     129       0     255
     116       0     255
     107       0     255
      95       0     255
      89       0     255
      88       0     255
      81       0     255
      79       0     255
      71       0     255
      60       0     255
      51       0     255
      39       0     255
      37       0     255
      32       0     255
      18       0     255
       7       0     255
       0       0     252
       0       0     243
       0       0     232
       0       0     221
       0       0     218
       0       6     211
       0      12     207
       0      18     203
       0      33     189
       0      43     179
       0      54     167
       0      62     157
       0      64     156
       0      70     148
       0      73     146
       0      79     140
       4      91     126
      10      98     117
      17     110     105
      19     116      99
      20     118      97
      22     127      90
      23     130      87
      25     137      80
      26     139      77
      26     141      75
      31     159      57
      35     175      42
      39     193      24
      42     205       7
      42     205       3
      45     217       0
      47     228       0
      49     239       0
      51     251       0
      52     253       0
      54     255       0
      55     255       0
      56     255       0
      60     255       0
      62     255       0
      68     255       0
      73     255       0
      76     255       0
      86     255       0
      91     255       0
      99     255       0
     109     255       0
     113     255       0
     126     255       0
     134     255       0
     142     255       0
     154     255       0
     157     255       0
     176     255       0
     197     255       0
     216     255       0
     241     255       0
     249     255       0
     255     255       0
     255     246       0
     255     236       0
     255     218       0
     255     209       0
     255     198       0
     254     182       0
     254     175       0
     253     158       0
     253     149       0
     253     141       0
     252     125       0
     252     119       0
     251     105       0
     251      95       0
     251      88       0
     250      74       0
     250      67       0
     250      57       0
     251      47       0
     251      42       0
     250      29       0
     250      21       0
     250      14       0
     251       4       0
     254       2       0
     247       0       0
     242       0       0
     228       0       0
     200       0       0
     182       0       0
     157       0       0
     143       0       0
     139       0       0
     124       0       0
     117       0       0
     107       0       0
      95       0       0
      90       0       0
      76       0       0
      69       0       0
      61       0       0
      49       0       0
      45       0       0
      35       0       0
      28       0       0
      23       0       0
      10       0       0
       2       0       0
       0       0       0
       4       7       7
      14      14      14
      26      26      26
      31      31      31
      36      36      36
      38      38      38
      37      37      37
      44      44      44
      50      50      50
      61      61      61
      76      76      76
      83      83      83
      95      95      95
     101     101     101
     103     103     103
     114     114     114
     119     119     119
     129     129     129
     138     138     138
     143     143     143
     156     156     156
     163     163     163
     170     170     170
     176     176     176
     176     176     176
     188     188     187
     199     199     199
     213     213     213
     230     230     231
     237     237     237
     247     247     247
     255     255     255
     255     255     255
     199     199     199
      99      99      99
       0       0       0
