      15      15     107
      15      18     109
      15      21     112
      15      24     115
      14      28     116
      14      30     119
      14      35     121
      14      38     124
      13      42     125
      13      46     127
      13      51     130
      13      55     132
      12      60     135
      12      65     136
      12      69     138
      12      75     140
      12      80     142
      11      85     143
      11      90     145
      11      96     147
      11     101     149
      11     108     151
      10     113     153
      10     119     154
      10     125     155
      10     130     157
      10     138     159
      10     144     161
       9     151     163
       9     157     164
       9     165     166
       9     167     166
      14     169     163
      19     170     158
      25     171     154
      30     172     150
      35     174     146
      42     176     141
      47     178     137
      54     179     132
      59     181     128
      65     181     122
      71     183     119
      77     184     112
      84     185     107
      90     187     103
      97     189      96
     104     189      91
     111     191      86
     117     192      80
     124     194      74
     131     195      68
     138     196      63
     145     198      56
     153     198      50
     161     200      43
     167     201      37
     176     203      30
     183     204      24
     190     205      18
     198     206      11
     207     209       5
     209     203       4
     209     197       4
     211     191       4
     213     186       4
     214     179       4
     215     173       4
     216     168       4
     217     161       4
     217     155       2
     218     149       3
     220     142       3
     222     135       3
     223     129       3
     224     122       3
     225     115       3
     226     108       3
     226     101       1
     227      95       2
     228      87       2
     229      80       2
     232      73       2
     233      68       2
     233      63       2
     232      60       2
     233      59       1
     233      56       3
     233      52       2
     233      48       3
     232      47       3
     232      44       3
     231      40       3
     231      41       5
     229      39       4
     229      35       6
     228      32       6
     227      31       6
     227      26       8
     226      25       8
     220      25       9
     210      27      12
     207      27      12
     204      26      13
     200      28      14
     193      28      15
     189      27      16
     184      27      16
     180      28      17
     178      28      18
     171      28      20
     167      28      21
     162      28      22
     157      27      24
     152      27      25
     149      27      26
     144      27      27
     139      27      29
     135      25      30
     129      26      32
     124      24      34
     119      25      35
     116      23      37
     112      24      37
     107      24      39
     104      22      41
      99      22      42
      94      22      44
      88      20      47
      86      19      48
      83      18      50
      80      18      52
      78      16      54
      75      16      55
      72      14      57
      69      14      59
      67      16      61
      68      19      64
      69      21      66
      71      22      68
      72      24      70
      73      26      73
      74      28      75
      75      30      77
      77      32      79
      78      34      82
      81      37      85
      82      40      87
      84      41      90
      86      44      92
      88      46      94
      90      48      97
      92      51     100
      94      53     102
      96      56     105
      99      60     108
     101      62     111
     104      65     114
     106      67     116
     109      70     119
     111      73     122
     114      76     125
     117      79     128
     119      82     131
     123      86     134
     126      89     137
     129      92     140
     132      95     143
     135      98     146
     138     102     150
     141     105     153
     144     109     156
     148     112     159
     151     115     163
     156     120     167
     159     123     170
     163     127     173
     166     131     177
     171     135     181
     175     138     184
     179     142     187
     183     146     191
     187     150     194
     192     155     199
     196     159     202
     200     163     206
     204     167     210
     210     171     214
     214     175     218
     219     179     222
     223     184     225
     228     188     229
     233     194     234
     238     198     238
     242     203     242
     247     206     246
     251     212     253
     254     217     254
     254     215     254
     254     213     253
     254     211     252
     254     208     251
     254     206     250
     254     204     250
     254     201     248
     254     197     247
     254     195     246
     254     192     244
     254     189     243
     254     185     241
     254     181     238
     254     178     236
     254     174     234
     254     170     232
     254     166     229
     254     161     226
     254     157     224
     253     152     220
     253     149     218
     253     146     213
     253     141     209
     253     139     206
     252     134     201
     249     131     199
     248     130     195
     246     126     191
     244     123     188
     243     120     185
     238     115     179
     235     113     176
     233     109     172
     231     107     167
     228     104     163
     226     100     158
     220      97     156
     218      94     150
     215      90     145
     211      87     140
     207      84     134
     204      81     129
     198      78     124
     194      74     116
     189      70     115
     185      67     110
     178      64     105
     174      61      99
     166      55      93
     162      51      88
     155      48      82
     149      45      76
     145      43      71
     136      39      65
     132      36      58
     124      34      54
     118      30      46
     111      28      40
